 0    0  0.18  0  0  0.36  0  0  0  0.46  1800  
 1e-06    3.6021481800131e-07  0.17996091800355  2.0923562418521e-06  5.5078488297954e-07  0.3599946588904  1.7392666301332e-05  6.4225437933403e-08  2.3962858418823e-05  0.46  1799.9783585329  
 2e-06    1.2570622801186e-06  0.17987595757397  7.222965971669e-06  1.7899431066794e-06  0.35998030755475  3.1514523277074e-05  1.1761165000301e-07  0.00010183276504892  0.46  1799.9655814985  
 3e-06    3.2845960662714e-06  0.17968670946483  1.8816928069492e-05  4.4949473484538e-06  0.35994632999643  4.2878545869427e-05  1.6064840552922e-07  0.00029732487301682  0.46  1799.9775900868  
 4e-06    7.717286281103e-06  0.17926916528589  4.4221422211375e-05  1.0342477329513e-05  0.35987002132803  5.1548726894564e-05  1.9348315784795e-07  0.0007467899901012  0.46  1800.0479029975  
 5e-06    1.7201794010529e-05  0.17836319716314  9.890738595978e-05  2.2825732631058e-05  0.35970363195832  5.7021485887345e-05  2.1412203146947e-07  0.0017370003580493  0.46  1800.246512239  
 6e-06    3.6946526173322e-05  0.17644126989466  0.00021429589183559  4.8883752166834e-05  0.35935028476673  5.8636842279485e-05  2.1994117787353e-07  0.0038494623848923  0.46  1800.7140701526  
 7e-06    7.6072153967747e-05  0.17251036025229  0.00044961362339466  0.00010099137775306  0.35862757271029  5.6828221816559e-05  2.1249617501641e-07  0.0081783491660767  0.46  1801.7133529641  
 8e-06    0.0001467430543345  0.16496910859972  0.00090065923579079  0.00019716664077132  0.35724070593195  5.3335285492986e-05  1.9874502139757e-07  0.016492082506668  0.46  1803.672719662  
 9e-06    0.00025530383376388  0.1519420945927  0.0016804718691413  0.00035200936774315  0.35484212411305  4.9178530644916e-05  1.8409746055371e-07  0.030878633508964  0.46  1807.1196280781  
 1e-05    0.00038440084567265  0.13253589971627  0.0028448522851358  0.00055566301897997  0.35126066047095  4.3964196767019e-05  1.6931938233478e-07  0.052374388822238  0.46  1812.3757778235  
 1.1e-05    0.00048819122913321  0.10826260272972  0.0043060048401143  0.00076279131423188  0.34676611635051  3.7310334433877e-05  1.5293908820434e-07  0.079376823019705  0.46  1819.1702777097  
 1.2e-05    0.00052359831150725  0.082750005475507  0.0058462567234599  0.00091984042020713  0.34202466617249  2.9706164597452e-05  1.3320931367143e-07  0.10790577552254  0.46  1826.6456435793  
 1.3e-05    0.00048575991151324  0.059684256900689  0.0072394836015529  0.0010044110756296  0.33772499963848  2.2207016622639e-05  1.1077215624774e-07  0.13383874456834  0.46  1833.8384354973  
 1.4e-05    0.00040375633582406  0.041141327437035  0.0083542621980435  0.0010299716758274  0.33426463299707  1.5735906176135e-05  8.8781307342469e-08  0.15479019524082  0.46  1840.1314933863  
 1.5e-05    0.00031188274849118  0.027448764535585  0.009166466009265  0.0010229783299959  0.33171488610939  1.0704610114479e-05  7.0136169110712e-08  0.1703242180393  0.46  1845.3442231357  
 1.6e-05    0.00023145729248057  0.017911037300084  0.0097170846173498  0.0010043827755593  0.32995106518843  7.0749348160832e-06  5.592307032492e-08  0.18117781264278  0.46  1849.5799295395  
 1.7e-05    0.00016979685072439  0.011519277163735  0.01006842972555  0.00098525329270984  0.32878530759145  4.5866096923476e-06  4.5802319869576e-08  0.18846727334344  0.46  1853.0493029732  
 1.8e-05    0.0001260725196733  0.0073412464540033  0.010279089974652  0.00096960738030103  0.32804168026174  2.9369731241351e-06  3.8870628826339e-08  0.19323929741692  0.46  1855.96360858  
 1.9e-05    9.6486291937589e-05  0.0046528719937954  0.010395012724473  0.00095798486577413  0.32758254134454  1.8665727022465e-06  3.4206109429789e-08  0.19631317135174  0.46  1858.4931119198  
 2e-05    7.7011303294007e-05  0.0029397675730162  0.010449028178288  0.00094968302488576  0.32730968760402  1.1812998246621e-06  3.1071624085733e-08  0.198273578941  0.46  1860.7612603414  
 2.1e-05    6.4382400012919e-05  0.0018545074308175  0.01046338634203  0.00094378270062252  0.32715661949839  7.4618244809348e-07  2.8939399088762e-08  0.19951651530528  0.46  1862.8524960101  
 2.2e-05    5.6242149720739e-05  0.0011693160101294  0.010452701907833  0.00093950578189824  0.32707967408079  4.7124684104624e-07  2.7452963946753e-08  0.20030203010172  0.46  1864.8226855468  
 2.3e-05    5.0989077180875e-05  0.00073749995879307  0.010426394563067  0.0009362847065018  0.32705070936256  2.9799942892211e-07  2.637932205574e-08  0.20079776671188  0.46  1866.7080976726  
 2.4e-05    4.7572173771659e-05  0.0004655895168473  0.010390465919306  0.00093373413879156  0.32705178902058  1.8897923675477e-07  2.556903769509e-08  0.20111060353133  0.46  1868.5320480881  
 2.5e-05    4.5315504975142e-05  0.00029440398983326  0.010348712578418  0.00093160252945171  0.3270715581749  1.2040936713715e-07  2.4927303992894e-08  0.20130823086557  0.46  1870.3094730787  
 2.6e-05    4.378953596606e-05  0.00018660933358871  0.01030352528765  0.00092972938444728  0.32710285744934  7.7277545136446e-08  2.4394328516608e-08  0.20143335647305  0.46  1872.0499556821  
 2.7e-05    4.2723228004116e-05  0.00011869986901576  0.010256404685747  0.0009280137278666  0.32714118378393  5.0133377532743e-08  2.3932504932325e-08  0.20151286994649  0.46  1873.7596832175  
 2.8e-05    4.1946241606607e-05  7.5890034260424e-05  0.010208290136388  0.0009263926007525  0.32718370928173  3.3036865272937e-08  2.3518192090397e-08  0.20156368463648  0.46  1875.4426969012  
 2.9e-05    4.1351753296533e-05  4.8881920384941e-05  0.010159767897479  0.00092482699885678  0.32722866015193  2.2256842276325e-08  2.3136507532695e-08  0.20159643555438  0.46  1877.1016834038  
 3e-05    4.087283573588e-05  3.1827700378787e-05  0.010111202361372  0.00092329288887947  0.32727492517756  1.5449790407915e-08  2.2778052508132e-08  0.20161781066273  0.46  1878.7384740491  
 3.1e-05    4.0467564689774e-05  2.1047961520772e-05  0.010062818607283  0.00092177554736596  0.32732180942969  1.1143360115306e-08  2.2436859808244e-08  0.20163201734832  0.46  1880.3543589008  
 3.2e-05    4.0109668462825e-05  1.4226330641169e-05  0.0100147542695  0.00092026602228082  0.32736887951454  8.412067092844e-09  2.2109110393696e-08  0.20164170389582  0.46  1881.9502841814  
 3.3e-05    3.9782670820233e-05  9.9035581593571e-06  0.0099670921126451  0.00091875893195342  0.32741586637207  6.6738030085516e-09  2.1792331471475e-08  0.20164853829209  0.46  1883.5269763497  
 3.4e-05    3.9476226330928e-05  7.159681643542e-06  0.009919880490285  0.00091725109973926  0.32746260421963  5.5621690323988e-09  2.1484895455617e-08  0.20165357181836  0.46  1885.0850201293  
 3.5e-05    3.918382834281e-05  5.4142734918745e-06  0.0098731461970598  0.00091574070840348  0.32750899218732  4.8463603111302e-09  2.1185706793444e-08  0.20165746753308  0.46  1886.6249076373  
 3.6e-05    3.8901375333551e-05  4.3008329473297e-06  0.0098269025454947  0.0009142267768228  0.32755497019983  4.380866747549e-09  2.0894006068272e-08  0.20166064392858  0.46  1888.1470693738  
 3.7e-05    3.8626273827704e-05  3.587749724583e-06  0.0097811544439202  0.00091270883628399  0.32760050380587  4.0738739699689e-09  2.0609247332049e-08  0.2016633653126  0.46  1889.6518938227  
 3.8e-05    3.8356876741737e-05  3.1285359344887e-06  0.0097359015901563  0.00091118673029735  0.32764557462984  3.867398082852e-09  2.0331021189883e-08  0.20166579871275  0.46  1891.1397398932  
 3.9e-05    3.8092131494989e-05  2.8304638070627e-06  0.0096911404805981  0.00090966049082846  0.32769017435873  3.7247874766619e-09  2.005900649078e-08  0.20166804973101  0.46  1892.6109448603  
 4e-05    3.7831359374707e-05  2.6347864754326e-06  0.0096468656740701  0.00090813026181357  0.32773430095322  3.6228532971156e-09  1.9792939920566e-08  0.20167018515301  0.46  1894.0658294689  
 4.1e-05    3.7574117084585e-05  2.5042537175607e-06  0.0096030705865415  0.00090659625193916  0.32777795625943  3.5469102751372e-09  1.9532596809826e-08  0.2016722472164  0.46  1895.5047012499  
 4.2e-05    3.7320109790457e-05  2.4152256577047e-06  0.0095597479903135  0.00090505870553879  0.32782114450321  3.4876489646207e-09  1.9277778975829e-08  0.20167426262296  0.46  1896.9278567057  
 4.3e-05    3.7069136460537e-05  2.352686869528e-06  0.0095168903269318  0.00090351788470996  0.32786387134091  3.4391613804177e-09  1.9028306981875e-08  0.20167624823529  0.46  1898.335582779  
 4.4e-05    3.6821055474806e-05  2.3070915557207e-06  0.0094744899026258  0.00090197405838048  0.3279061432614  3.3976936422732e-09  1.8784015175097e-08  0.20167821468074  0.46  1899.7281578662  
 4.5e-05    3.6575762966803e-05  2.2723656737207e-06  0.0094325390096376  0.00090042749567989  0.3279479672098  3.3608572489539e-09  1.8544748474994e-08  0.20168016863329  0.46  1901.1058525407  
 4.6e-05    3.6333179170369e-05  2.2446406716774e-06  0.0093910300007912  0.00089887846197639  0.32798935035145  3.3271299241934e-09  1.8310360267575e-08  0.20168211425947  0.46  1902.4689300877  
 4.7e-05    3.6093239803536e-05  2.2214502525715e-06  0.0093499553345638  0.00089732721656322  0.3280302999243  3.2955394495959e-09  1.8080710999713e-08  0.20168405413525  0.46  1903.8176469185  
 4.8e-05    3.5855890624835e-05  2.2012204277896e-06  0.0093093076015626  0.00089577401136389  0.32807082314748  3.2654632298955e-09  1.785566721863e-08  0.20168598982803  0.46  1905.1522529047  
 4.9e-05    3.5621083989352e-05  2.1829454996611e-06  0.0092690795393009  0.00089421909026488  0.32811092716519  3.2365011171217e-09  1.7635100895764e-08  0.20168792226611  0.46  1906.4729916588  
 5e-05    3.5388776666468e-05  2.1659820105993e-06  0.0092292640396278  0.00089266268883307  0.32815061901298  3.2083946474927e-09  1.7418888933598e-08  0.20168985197362  0.46  1907.7801007792  
 5.1e-05    3.515892845433e-05  2.1499176009531e-06  0.0091898541515719  0.00089110503426712  0.32818990559825  3.1809757079212e-09  1.7206912791302e-08  0.20169177921984  0.46  1909.0738120681  
 5.2e-05    3.4931501297886e-05  2.1344874733708e-06  0.009150843081341  0.00088954634548902  0.3282287936896  3.1541338793326e-09  1.6999058188544e-08  0.20169370411414  0.46  1910.3543517319  
 5.3e-05    3.4706458725529e-05  2.1195211375117e-06  0.0091122241905825  0.00088798683331819  0.32826728991179  3.1277956429052e-09  1.6795214861634e-08  0.20169562666649  0.46  1911.6219405668  
 5.4e-05    3.4483765487463e-05  2.1049084306824e-06  0.0090739909936023  0.00088642670069182  0.3283054007442  3.1019111276957e-09  1.6595276355485e-08  0.20169754682586  0.46  1912.8767941331  
 5.5e-05    3.4263387321992e-05  2.090577819341e-06  0.0090361371539818  0.00088486614290959  0.32834313252149  3.0764456565073e-09  1.6399139840846e-08  0.20169946450469  0.46  1914.1191229204  
 5.6e-05    3.4045290802953e-05  2.0764825313234e-06  0.0089986564808717  0.00088330534788913  0.32838049143554  3.0513743472806e-09  1.6206705949935e-08  0.20170137959438  0.46  1915.3491325051  
 5.7e-05    3.3829443238744e-05  2.0625916853385e-06  0.0089615429251361  0.00088174449642375  0.32841748353818  3.0266786619163e-09  1.6017878626023e-08  0.20170329197517  0.46  1916.5670237006  
 5.8e-05    3.3615812604169e-05  2.0488846121631e-06  0.0089247905754542  0.00088018376243768  0.3284541147444  3.0023441973734e-09  1.5832564984022e-08  0.20170520152232  0.46  1917.7729927012  
 5.9e-05    3.3404367493224e-05  2.0353472160153e-06  0.0088883936544488  0.00087862331323583  0.32849039083574  2.9783592699142e-09  1.5650675180075e-08  0.20170710810997  0.46  1918.9672312205  
 6e-05    3.3195077085267e-05  2.0219696411125e-06  0.00885234651488  0.00087706330974638  0.32852631746385  2.9547140062023e-09  1.5472122288794e-08  0.2017090116136  0.46  1920.1499266247  
 6.1e-05    3.2987911119767e-05  2.0087447738951e-06  0.0088166436359278  0.00087550390675541  0.32856190015401  2.9313997585977e-09  1.5296822187161e-08  0.20171091191147  0.46  1921.3212620601  
 6.2e-05    3.2782839876601e-05  1.9956672807394e-06  0.0087812796195784  0.00087394525313314  0.32859714430864  2.90840872802e-09  1.5124693444396e-08  0.20171280888547  0.46  1922.4814165764  
 6.3e-05    3.2579834159932e-05  1.9827329890905e-06  0.0087462491871189  0.00087238749205165  0.32863205521073  2.8857337198439e-09  1.4955657217238e-08  0.20171470242165  0.46  1923.630565246  
 6.4e-05    3.237886528446e-05  1.96993848902e-06  0.0087115471757432  0.00087083076119443  0.32866663802719  2.8633679851519e-09  1.4789637150216e-08  0.20171659241042  0.46  1924.7688792776  
 6.5e-05    3.2179905063225e-05  1.9572808763821e-06  0.0086771685352704  0.00086927519295754  0.32870089781212  2.8413051168249e-09  1.462655928056e-08  0.20171847874666  0.46  1925.8965261274  
 6.6e-05    3.1982925796491e-05  1.9447575870066e-06  0.0086431083249709  0.00086772091464302  0.32873483951  2.819538980915e-09  1.4466351947456e-08  0.20172036132971  0.46  1927.0136696052  
 6.7e-05    3.178790026136e-05  1.9323662894712e-06  0.0086093617105008  0.00086616804864455  0.32876846795867  2.7980636707585e-09  1.430894570538e-08  0.20172224006333  0.46  1928.1204699773  
 6.8e-05    3.1594801701934e-05  1.9201048156034e-06  0.0085759239609388  0.00086461671262592  0.3288017878924  2.776873475779e-09  1.4154273241291e-08  0.20172411485553  0.46  1929.2170840657  
 6.9e-05    3.1403603819872e-05  1.9079711153012e-06  0.0085427904459239  0.0008630670196923  0.32883480394467  2.7559628598082e-09  1.4002269295456e-08  0.20172598561854  0.46  1930.3036653439  
 7e-05    3.1214280765275e-05  1.8959632270481e-06  0.0085099566328892  0.00086151907855491  0.32886752065098  2.7353264455945e-09  1.385287058574e-08  0.20172785226862  0.46  1931.3803640296  
 7.1e-05    3.1026807127831e-05  1.8840792585631e-06  0.0084774180843886  0.00085997299368919  0.32889994245152  2.7149590033595e-09  1.3706015735162e-08  0.20172971472595  0.46  1932.4473271738  
 7.2e-05    3.0841157928184e-05  1.8723173740072e-06  0.0084451704555134  0.00085842886548675  0.32893207369378  2.6948554420171e-09  1.3561645202559e-08  0.20173157291446  0.46  1933.5046987474  
 7.3e-05    3.0657308609514e-05  1.8606757854327e-06  0.0084132094913941  0.00085688679040141  0.32896391863501  2.675010802165e-09  1.3419701216211e-08  0.20173342676176  0.46  1934.5526197247  
 7.4e-05    3.0475235029306e-05  1.849152746987e-06  0.0083815310247857  0.00085534686108972  0.32899548144468  2.6554202502687e-09  1.3280127710271e-08  0.20173527619892  0.46  1935.5912281638  
 7.5e-05    3.0294913451284e-05  1.8377465509043e-06  0.0083501309737318  0.00085380916654582  0.32902676620682  2.6360790736646e-09  1.3142870263868e-08  0.20173712116043  0.46  1936.6206592853  
 7.6e-05    3.0116320537527e-05  1.826455524664e-06  0.0083190053393054  0.00085227379223133  0.32905777692227  2.6169826761371e-09  1.3007876042754e-08  0.20173896158399  0.46  1937.6410455468  
 7.7e-05    2.9939433340745e-05  1.8152780289105e-06  0.0082881502034234  0.00085074082020018  0.32908851751086  2.5981265739099e-09  1.2875093743373e-08  0.20174079741047  0.46  1938.6525167168  
 7.8e-05    2.9764229296705e-05  1.8042124558741e-06  0.0082575617267312  0.00084921032921864  0.32911899181358  2.579506391947e-09  1.2744473539233e-08  0.20174262858372  0.46  1939.6551999449  
 7.9e-05    2.9590686216823e-05  1.7932572281226e-06  0.0082272361465556  0.00084768239488095  0.32914920359458  2.5611178604939e-09  1.2615967029485e-08  0.20174445505052  0.46  1940.6492198302  
 8e-05    2.9418782280902e-05  1.7824107975338e-06  0.0081971697749232  0.0008461570897204  0.32917915654318  2.542956811811e-09  1.2489527189588e-08  0.20174627676041  0.46  1941.6346984877  
 8.1e-05    2.9248496030014e-05  1.7716716444172e-06  0.008167358996641  0.00084463448331636  0.32920885427581  2.5250191770684e-09  1.2365108323976e-08  0.20174809366565  0.46  1942.6117556119  
 8.2e-05    2.9079806359539e-05  1.7610382767378e-06  0.0081378002674386  0.00084311464239728  0.32923830033784  2.5073009833801e-09  1.2242666020627e-08  0.20174990572108  0.46  1943.5805085394  
 8.3e-05    2.891269251233e-05  1.7505092294122e-06  0.0081084901121678  0.00084159763093983  0.3292674982054  2.4897983509605e-09  1.2122157107453e-08  0.201751712884  0.46  1944.5410723085  
 8.4e-05    2.8747134072036e-05  1.740083063656e-06  0.0080794251230585  0.00084008351026437  0.32929645128715  2.4725074903934e-09  1.200353961042e-08  0.20175351511416  0.46  1945.4935597176  
 8.5e-05    2.858311095655e-05  1.7297583663698e-06  0.008050601958029  0.00083857233912684  0.32932516292593  2.4554247000038e-09  1.1886772713327e-08  0.20175531237358  0.46  1946.4380813818  
 8.6e-05    2.8420603411594e-05  1.7195337495563e-06  0.0080220173390478  0.00083706417380742  0.32935363640045  2.438546363325e-09  1.1771816719166e-08  0.20175710462653  0.46  1947.3747457872  
 8.7e-05    2.825959200444e-05  1.70940784976e-06  0.0079936680505461  0.00083555906819569  0.32938187492685  2.4218689466566e-09  1.1658633012984e-08  0.20175889183939  0.46  1948.303659344  
 8.8e-05    2.8100057617759e-05  1.6993793275278e-06  0.007965550937878  0.00083405707387296  0.32940988166025  2.4053889967081e-09  1.15471840262e-08  0.20176067398063  0.46  1949.224926438  
 8.9e-05    2.7941981443601e-05  1.6894468668878e-06  0.0079376629058282  0.00083255824019142  0.32943765969625  2.3891031383235e-09  1.1437433202287e-08  0.2017624510207  0.46  1950.1386494801  
 9e-05    2.7785344977488e-05  1.6796091748424e-06  0.0079100009171633  0.00083106261435042  0.3294652120724  2.373008072284e-09  1.1329344963782e-08  0.20176422293194  0.46  1951.0449289549  
 9.1e-05    2.7630130012643e-05  1.6698649808767e-06  0.0078825619912279  0.0008295702414701  0.32949254176955  2.3571005731844e-09  1.1222884680547e-08  0.20176598968855  0.46  1951.9438634675  
 9.2e-05    2.747631863434e-05  1.66021303648e-06  0.0078553432025813  0.00082808116466234  0.3295196517133  2.3413774873818e-09  1.1118018639241e-08  0.20176775126651  0.46  1952.8355497886  
 9.3e-05    2.7323893214352e-05  1.6506521146799e-06  0.0078283416796752  0.00082659542509907  0.32954654477524  2.3258357310116e-09  1.1014714013942e-08  0.20176950764349  0.46  1953.7200828991  
 9.4e-05    2.7172836405542e-05  1.6411810095878e-06  0.0078015546035697  0.00082511306207828  0.32957322377432  2.3104722880693e-09  1.0912938837868e-08  0.2017712587988  0.46  1954.5975560324  
 9.5e-05    2.7023131136545e-05  1.6317985359571e-06  0.0077749792066878  0.00082363411308762  0.32959969147803  2.2952842085559e-09  1.0812661976161e-08  0.20177300471335  0.46  1955.4680607164  
 9.6e-05    2.6874760606573e-05  1.6225035287509e-06  0.0077486127716047  0.0008221586138657  0.32962595060364  2.2802686066836e-09  1.071385309967e-08  0.20177474536956  0.46  1956.3316868135  
 9.7e-05    2.6727708280322e-05  1.6132948427218e-06  0.0077224526298738  0.00082068659846133  0.32965200381939  2.2654226591393e-09  1.0616482659716e-08  0.20177648075133  0.46  1957.1885225599  
 9.8e-05    2.6581957882992e-05  1.604171352001e-06  0.0076964961608848  0.00081921809929059  0.32967785374562  2.2507436034049e-09  1.0520521863767e-08  0.20177821084396  0.46  1958.0386546036  
 9.9e-05    2.6437493395399e-05  1.5951319496978e-06  0.0076707407907557  0.00081775314719193  0.32970350295587  2.236228736131e-09  1.0425942652013e-08  0.20177993563411  0.46  1958.8821680413  
 0.0001    2.6294299049207e-05  1.5861755475091e-06  0.0076451839912557  0.00081629177147936  0.329728953978  2.2218754115631e-09  1.0332717674788e-08  0.20178165510977  0.46  1959.7191464543  
 0.000101    2.6152359322242e-05  1.5773010753377e-06  0.0076198232787589  0.00081483399999376  0.32975420929518  2.2076810400173e-09  1.0240820270805e-08  0.20178336926018  0.46  1960.5496719434  
 0.000102    2.6011658933911e-05  1.5685074809203e-06  0.007594656213227  0.00081337985915244  0.32977927134696  2.1936430864043e-09  1.0150224446172e-08  0.20178507807577  0.46  1961.3738251629  
 0.000103    2.587218284072e-05  1.5597937294644e-06  0.0075696803972209  0.00081192937399692  0.32980414253024  2.1797590688001e-09  1.0060904854163e-08  0.20178678154819  0.46  1962.1916853531  
 0.000104    2.5733916231881e-05  1.5511588032933e-06  0.0075448934749397  0.0008104825682392  0.32982882520022  2.1660265570609e-09  9.972836775699e-09  0.20178847967018  0.46  1963.0033303729  
 0.000105    2.5596844525009e-05  1.5426017015005e-06  0.0075202931312861  0.00080903946430626  0.32985332167136  2.1524431714816e-09  9.8859961005313e-09  0.20179017243557  0.46  1963.8088367304  
 0.000106    2.5460953361913e-05  1.5341214396112e-06  0.0074958770909578  0.00080760008338321  0.3298776342183  2.1390065814954e-09  9.80035930907e-09  0.20179185983924  0.46  1964.6082796134  
 0.000107    2.532622860447e-05  1.525717049253e-06  0.0074716431175638  0.00080616444545482  0.3299017650767  2.1257145044137e-09  9.7159034548623e-09  0.20179354187706  0.46  1965.4017329188  
 0.000108    2.519265633059e-05  1.517387577833e-06  0.0074475890127646  0.00080473256934576  0.32992571644414  2.1125647042044e-09  9.6326061476715e-09  0.2017952185459  0.46  1966.1892692814  
 0.000109    2.5060222830258e-05  1.5091320882239e-06  0.0074237126154357  0.00080330447275937  0.32994949048095  2.0995549903076e-09  9.5504455371451e-09  0.20179688984352  0.46  1966.9709601013  
 0.00011    2.4928914601665e-05  1.5009496584565e-06  0.007400011800854  0.0008018801723152  0.32997308931102  2.0866832164875e-09  9.4694002970446e-09  0.2017985557686  0.46  1967.7468755714  
 0.000111    2.4798718347413e-05  1.4928393814192e-06  0.0073764844799055  0.00080045968358526  0.32999651502258  2.0739472797177e-09  9.3894496100128e-09  0.20180021632068  0.46  1968.5170847037  
 0.000112    2.4669620970803e-05  1.4848003645658e-06  0.0073531285983149  0.00079904302112901  0.33001976966903  2.0613451191019e-09  9.3105731528655e-09  0.20180187150013  0.46  1969.2816553547  
 0.000113    2.4541609572198e-05  1.4768317296285e-06  0.0073299421358948  0.00079763019852727  0.33004285526961  2.048874714825e-09  9.2327510823751e-09  0.2018035213081  0.46  1970.0406542506  
 0.000114    2.4414671445456e-05  1.4689326123384e-06  0.0073069231058152  0.00079622122841482  0.33006577381019  2.0365340871366e-09  9.1559640215391e-09  0.20180516574654  0.46  1970.7941470117  
 0.000115    2.4288794074449e-05  1.4611021621523e-06  0.0072840695538926  0.00079481612251219  0.33008852724397  2.0243212953639e-09  9.0801930463054e-09  0.2018068048181  0.46  1971.5421981756  
 0.000116    2.416396512964e-05  1.4533395419861e-06  0.0072613795578968  0.00079341489165613  0.33011111749215  2.0122344369541e-09  9.005419672743e-09  0.20180843852617  0.46  1972.284871221  
 0.000117    2.4040172464738e-05  1.4456439279531e-06  0.0072388512268763  0.00079201754582919  0.33013354644465  2.0002716465442e-09  8.9316258446379e-09  0.20181006687482  0.46  1973.0222285893  
 0.000118    2.3917404113418e-05  1.43801450911e-06  0.0072164827005016  0.00079062409418836  0.33015581596072  1.9884310950587e-09  8.8587939214996e-09  0.20181168986876  0.46  1973.7543317072  
 0.000119    2.3795648286113e-05  1.4304504872072e-06  0.0071942721484241  0.00078923454509265  0.33017792786963  1.976710988833e-09  8.78690666696e-09  0.20181330751334  0.46  1974.4812410075  
 0.00012    2.3674893366863e-05  1.4229510764456e-06  0.0071722177696531  0.00078784890612986  0.33019988397124  1.965109568762e-09  8.7159472375557e-09  0.20181491981452  0.46  1975.20301595  
 0.000121    2.355512791024e-05  1.4155155032385e-06  0.0071503177919473  0.00078646718414245  0.33022168603667  1.9536251094737e-09  8.6458991718713e-09  0.20181652677884  0.46  1975.9197150419  
 0.000122    2.3436340638322e-05  1.4081430059792e-06  0.0071285704712225  0.00078508938525255  0.33024333580885  1.9422559185254e-09  8.576746380037e-09  0.2018181284134  0.46  1976.6313958571  
 0.000123    2.3318520437742e-05  1.4008328348133e-06  0.0071069740909745  0.00078371551488614  0.33026483500311  1.9310003356244e-09  8.5084731335654e-09  0.20181972472585  0.46  1977.3381150558  
 0.000124    2.3201656356783e-05  1.3935842514167e-06  0.0070855269617154  0.00078234557779647  0.33028618530773  1.9198567318688e-09  8.4410640555113e-09  0.20182131572433  0.46  1978.0399284032  
 0.000125    2.3085737602548e-05  1.3863965287781e-06  0.0070642274204256  0.00078097957808677  0.33030738838454  1.9088235090111e-09  8.3745041109488e-09  0.2018229014175  0.46  1978.7368907872  
 0.000126    2.2970753538169e-05  1.3792689509866e-06  0.0070430738300177  0.00077961751923205  0.33032844586939  1.8978990987423e-09  8.3087785977501e-09  0.20182448181449  0.46  1979.4290562371  
 0.000127    2.2856693680089e-05  1.3722008130236e-06  0.0070220645788155  0.00077825940410043  0.33034935937272  1.8870819619953e-09  8.2438731376554e-09  0.20182605692489  0.46  1980.1164779399  
 0.000128    2.2743547695389e-05  1.3651914205599e-06  0.0070011980800444  0.00077690523497359  0.33037013048005  1.8763705882681e-09  8.179773667624e-09  0.20182762675872  0.46  1980.7992082583  
 0.000129    2.2631305399166e-05  1.358240089757e-06  0.006980472771335  0.00077555501356669  0.33039076075248  1.8657634949661e-09  8.1164664314574e-09  0.20182919132643  0.46  1981.4772987462  
 0.00013    2.2519956751977e-05  1.3513461470722e-06  0.0069598871142388  0.00077420874104754  0.33041125172718  1.8552592267614e-09  8.0539379716817e-09  0.20183075063887  0.46  1982.1508001656  
 0.000131    2.2409491857321e-05  1.3445089290691e-06  0.0069394395937556  0.0007728664180553  0.33043160491785  1.8448563549712e-09  7.9921751216838e-09  0.20183230470727  0.46  1982.8197625018  
 0.000132    2.2299900959173e-05  1.3377277822313e-06  0.0069191287178725  0.00077152804471842  0.33045182181521  1.8345534769515e-09  7.9311649980895e-09  0.20183385354325  0.46  1983.4842349789  
 0.000133    2.2191174439577e-05  1.3310020627804e-06  0.0068989530171137  0.00077019362067212  0.33047190388741  1.8243492155087e-09  7.8708949933762e-09  0.20183539715877  0.46  1984.1442660748  
 0.000134    2.2083302816272e-05  1.324331136498e-06  0.0068789110441012  0.00076886314507527  0.33049185258051  1.8142422183261e-09  7.8113527687121e-09  0.20183693556614  0.46  1984.7999035356  
 0.000135    2.1976276740382e-05  1.3177143785516e-06  0.0068590013731265  0.00076753661662677  0.33051166931888  1.8042311574061e-09  7.7525262470109e-09  0.20183846877799  0.46  1985.4511943903  
 0.000136    2.1870086994132e-05  1.3111511733244e-06  0.0068392225997318  0.00076621403358135  0.33053135550563  1.7943147285282e-09  7.6944036062027e-09  0.20183999680725  0.46  1986.0981849639  
 0.000137    2.1764724488631e-05  1.3046409142479e-06  0.0068195733403015  0.00076489539376495  0.33055091252303  1.7844916507196e-09  7.6369732727017e-09  0.20184151966718  0.46  1986.7409208918  
 0.000138    2.1660180261675e-05  1.2981830036393e-06  0.0068000522316632  0.00076358069458951  0.3305703417329  1.7747606657419e-09  7.580223915074e-09  0.2018430373713  0.46  1987.3794471325  
 0.000139    2.1556445475618e-05  1.2917768525417e-06  0.0067806579306982  0.00076226993306741  0.33058964447698  1.7651205375901e-09  7.5241444378946e-09  0.20184454993341  0.46  1988.013807981  
 0.00014    2.1453511415264e-05  1.2854218805673e-06  0.0067613891139608  0.00076096310582539  0.33060882207736  1.7555700520047e-09  7.4687239757851e-09  0.20184605736756  0.46  1988.6440470807  
 0.000141    2.135136948581e-05  1.2791175157449e-06  0.0067422444773069  0.000759660209118  0.33062787583679  1.7461080159977e-09  7.4139518876301e-09  0.20184755968808  0.46  1989.2702074368  
 0.000142    2.125001121083e-05  1.2728631943699e-06  0.006723222735531  0.00075836123884073  0.33064680703911  1.73673325739e-09  7.359817750965e-09  0.2018490569095  0.46  1989.8923314272  
 0.000143    2.1149428230295e-05  1.2666583608577e-06  0.0067043226220113  0.00075706619054267  0.33066561694953  1.7274446243607e-09  7.3063113565254e-09  0.2018505490466  0.46  1990.5104608153  
 0.000144    2.1049612298632e-05  1.2605024675999e-06  0.0066855428883634  0.0007557750594387  0.33068430681507  1.7182409850089e-09  7.253422702959e-09  0.20185203611436  0.46  1991.1246367607  
 0.000145    2.0950555282822e-05  1.2543949748241e-06  0.0066668823041017  0.00075448784042146  0.3307028778648  1.7091212269262e-09  7.2011419916905e-09  0.20185351812799  0.46  1991.734899831  
 0.000146    2.0852249160531e-05  1.248335350456e-06  0.0066483396563083  0.00075320452807283  0.33072133131025  1.7000842567801e-09  7.1494596219347e-09  0.20185499510287  0.46  1992.3412900124  
 0.000147    2.0754686018285e-05  1.2423230699848e-06  0.0066299137493101  0.00075192511667509  0.33073966834569  1.6911289999084e-09  7.0983661858553e-09  0.20185646705457  0.46  1992.9438467207  
 0.000148    2.065785804967e-05  1.2363576163311e-06  0.006611603404362  0.00075064960022171  0.33075789014845  1.6822543999236e-09  7.0478524638601e-09  0.20185793399886  0.46  1993.5426088118  
 0.000149    2.0561757553575e-05  1.2304384797175e-06  0.0065934074593386  0.00074937797242786  0.33077599787925  1.6734594183275e-09  6.9979094200335e-09  0.20185939595164  0.46  1994.1376145915  
 0.00015    2.0466376932465e-05  1.2245651575423e-06  0.006575324768432  0.00074811022674052  0.3307939926825  1.6647430341354e-09  6.9485281976979e-09  0.201860852929  0.46  1994.7289018263  
 0.000151    2.0371708690687e-05  1.2187371542554e-06  0.0065573542018559  0.00074684635634836  0.33081187568656  1.6561042435098e-09  6.8997001151007e-09  0.20186230494717  0.46  1995.3165077524  
 0.000152    2.0277745432805e-05  1.2129539812366e-06  0.0065394946455577  0.00074558635419124  0.33082964800409  1.6475420594031e-09  6.8514166612237e-09  0.20186375202251  0.46  1995.9004690858  
 0.000153    2.0184479861977e-05  1.2072151566769e-06  0.0065217450009353  0.00074433021296944  0.33084731073226  1.6390555112096e-09  6.8036694917106e-09  0.20186519417155  0.46  1996.4808220315  
 0.000154    2.0091904778351e-05  1.2015202054616e-06  0.0065041041845616  0.00074307792515266  0.33086486495309  1.6306436444256e-09  6.7564504249081e-09  0.2018666314109  0.46  1997.0576022928  
 0.000155    2.00000130775e-05  1.1958686590566e-06  0.0064865711279137  0.00074182948298864  0.33088231173369  1.6223055203181e-09  6.7097514380168e-09  0.20186806375733  0.46  1997.63084508  
 0.000156    1.9908797748879e-05  1.1902600553958e-06  0.0064691447771092  0.00074058487851161  0.33089965212653  1.6140402156021e-09  6.6635646633512e-09  0.2018694912277  0.46  1998.2005851192  
 0.000157    1.9818251874319e-05  1.1846939387722e-06  0.0064518240926476  0.00073934410355044  0.33091688716969  1.6058468221246e-09  6.6178823846994e-09  0.20187091383899  0.46  1998.7668566613  
 0.000158    1.9728368626542e-05  1.1791698597296e-06  0.0064346080491569  0.0007381071497365  0.33093401788714  1.5977244465581e-09  6.5726970337876e-09  0.20187233160827  0.46  1999.3296934899  
 0.000159    1.9639141267712e-05  1.1736873749582e-06  0.006417495635147  0.0007368740085114  0.33095104528895  1.5896722100995e-09  6.5280011868376e-09  0.2018737445527  0.46  1999.8891289296  
 0.00016    1.9550563148001e-05  1.1682460471905e-06  0.0064004858527669  0.00073564467113431  0.33096797037156  1.581689248178e-09  6.4837875612207e-09  0.20187515268954  0.46  2000.4451958541  
 0.000161    1.9462627704198e-05  1.1628454451009e-06  0.0063835777175678  0.00073441912868928  0.33098479411801  1.5737747101692e-09  6.440049012202e-09  0.20187655603611  0.46  2000.9979266943  
 0.000162    1.9375328458327e-05  1.1574851432062e-06  0.0063667702582715  0.00073319737209207  0.33100151749816  1.565927759116e-09  6.396778529772e-09  0.20187795460984  0.46  2001.5473534456  
 0.000163    1.9288659016302e-05  1.1521647217682e-06  0.0063500625165433  0.00073197939209707  0.33101814146896  1.5581475714565e-09  6.3539692355647e-09  0.2018793484282  0.46  2002.0935076754  
 0.000164    1.9202613066606e-05  1.1468837666988e-06  0.0063334535467695  0.00073076517930377  0.3310346669746  1.5504333367582e-09  6.3116143798592e-09  0.20188073750873  0.46  2002.6364205311  
 0.000165    1.9117184378988e-05  1.1416418694666e-06  0.0063169424158402  0.00072955472416306  0.3310510949468  1.5427842574586e-09  6.2697073386589e-09  0.20188212186904  0.46  2003.1761227464  
 0.000166    1.9032366803187e-05  1.1364386270049e-06  0.0063005282029363  0.00072834801698355  0.33106742630497  1.535199548612e-09  6.2282416108515e-09  0.20188350152678  0.46  2003.712644649  
 0.000167    1.8948154267687e-05  1.1312736416224e-06  0.0062842099993207  0.00072714504793742  0.33108366195645  1.5276784376417e-09  6.1872108154424e-09  0.20188487649966  0.46  2004.2460161675  
 0.000168    1.8864540778481e-05  1.1261465209148e-06  0.0062679869081345  0.00072594580706626  0.3310998027967  1.5202201640988e-09  6.1466086888617e-09  0.20188624680544  0.46  2004.7762668377  
 0.000169    1.8781520417867e-05  1.1210568776788e-06  0.0062518580441968  0.00072475028428661  0.33111584970952  1.5128239794261e-09  6.1064290823434e-09  0.20188761246189  0.46  2005.3034258098  
 0.00017    1.8699087343267e-05  1.116004329827e-06  0.0062358225338089  0.00072355846939557  0.33113180356722  1.5054891467278e-09  6.066665959371e-09  0.20188897348687  0.46  2005.8275218545  
 0.000171    1.8617235786059e-05  1.1109885003054e-06  0.0062198795145624  0.00072237035207591  0.33114766523081  1.4982149405441e-09  6.0273133931915e-09  0.20189032989821  0.46  2006.3485833694  
 0.000172    1.8535960050441e-05  1.1060090170113e-06  0.0062040281351515  0.00072118592190129  0.33116343555021  1.4910006466314e-09  5.9883655643936e-09  0.20189168171382  0.46  2006.8666383854  
 0.000173    1.8455254512304e-05  1.1010655127143e-06  0.0061882675551889  0.00072000516834115  0.33117911536445  1.4838455617476e-09  5.9498167585489e-09  0.2018930289516  0.46  2007.3817145727  
 0.000174    1.8375113618137e-05  1.096157624977e-06  0.0061725969450254  0.00071882808076559  0.33119470550178  1.4767489934417e-09  5.9116613639138e-09  0.20189437162948  0.46  2007.8938392468  
 0.000175    1.8295531870441e-05  1.0912849962181e-06  0.0061570154813622  0.00071765464841787  0.33121020678848  1.4697103077865e-09  5.8738941714299e-09  0.20189571027409  0.46  2008.4030393321  
 0.000176    1.8216503897586e-05  1.0864472742787e-06  0.0061415223597076  0.00071648486174987  0.33122562002334  1.4627287449743e-09  5.8365091865998e-09  0.20189704438791  0.46  2008.9093414936  
 0.000177    1.813802432227e-05  1.0816441103368e-06  0.0061261167816558  0.00071531870863723  0.33124094600334  1.4558036823144e-09  5.7995013702632e-09  0.20189837399031  0.46  2009.4127720179  
 0.000178    1.8060087861246e-05  1.0768751601291e-06  0.0061107979587792  0.00071415617807094  0.33125618551554  1.4489344702993e-09  5.7628655005619e-09  0.20189969909936  0.46  2009.9133568589  
 0.000179    1.7982689298091e-05  1.0721400838899e-06  0.006095565112538  0.00071299725899101  0.33127133933713  1.4421204674712e-09  5.7265964467182e-09  0.20190101973311  0.46  2010.4111216441  
 0.00018    1.7905823480837e-05  1.0674385462588e-06  0.0060804174741224  0.00071184194026463  0.33128640823557  1.4353610419404e-09  5.690689168037e-09  0.20190233590962  0.46  2010.9060916793  
 0.000181    1.782948532094e-05  1.0627702161972e-06  0.0060653542842956  0.00071069021068939  0.33130139296874  1.4286555712753e-09  5.6551387119816e-09  0.20190364764693  0.46  2011.3982919546  
 0.000182    1.7753669792325e-05  1.0581347669096e-06  0.0060503747932413  0.00070954205899709  0.33131629428512  1.422003442327e-09  5.6199402123025e-09  0.20190495496306  0.46  2011.8877471487  
 0.000183    1.7678371930455e-05  1.0535318757702e-06  0.0060354782604123  0.00070839747385736  0.33133111292392  1.4154040510557e-09  5.5850888872133e-09  0.20190625787606  0.46  2012.3744816344  
 0.000184    1.7603586831404e-05  1.0489612242522e-06  0.0060206639543834  0.00070725644388115  0.33134584961524  1.408856802361e-09  5.5505800376111e-09  0.20190755640394  0.46  2012.8585194833  
 0.000185    1.7529309650961e-05  1.0444224978613e-06  0.006005931152707  0.0007061189576242  0.3313605050802  1.4023611099172e-09  5.516409045342e-09  0.2019088505647  0.46  2013.3398844705  
 0.000186    1.7455535603735e-05  1.0399153860698e-06  0.0059912791417711  0.00070498500359033  0.33137508003108  1.3959163960123e-09  5.4825713715078e-09  0.20191014037632  0.46  2013.8186000795  
 0.000187    1.7382259962288e-05  1.035439582254e-06  0.00597670721666  0.00070385457023462  0.33138957517148  1.3895220913904e-09  5.4490625548164e-09  0.20191142585678  0.46  2014.2946895068  
 0.000188    1.7309478056277e-05  1.0309947836328e-06  0.0059622146810184  0.00070272764596662  0.33140399119644  1.3831776350981e-09  5.4158782099707e-09  0.20191270702401  0.46  2014.7681756659  
 0.000189    1.7237185271612e-05  1.0265806912075e-06  0.0059478008469171  0.0007016042191533  0.33141832879259  1.3768824743345e-09  5.3830140260972e-09  0.20191398389595  0.46  2015.2390811928  
 0.00019    1.7165377049626e-05  1.0221970097033e-06  0.0059334650347223  0.00070048427812192  0.33143258863825  1.3706360643042e-09  5.3504657652144e-09  0.20191525649047  0.46  2015.707428449  
 0.000191    1.7094048886264e-05  1.0178434475118e-06  0.0059192065729667  0.000699367811163  0.33144677140361  1.3644378680734e-09  5.3182292607356e-09  0.20191652482546  0.46  2016.173239527  
 0.000192    1.7023196331286e-05  1.0135197166353e-06  0.005905024798223  0.00069825480653297  0.33146087775078  1.3582873564298e-09  5.2863004160097e-09  0.20191778891875  0.46  2016.6365362537  
 0.000193    1.6952814987478e-05  1.0092255326311e-06  0.0058909190549804  0.00069714525245688  0.331474908334  1.3521840077444e-09  5.2546752028967e-09  0.20191904878814  0.46  2017.0973401947  
 0.000194    1.6882900509882e-05  1.0049606145576e-06  0.0058768886955231  0.00069603913713093  0.3314888637997  1.3461273078375e-09  5.2233496603762e-09  0.20192030445142  0.46  2017.5556726583  
 0.000195    1.6813448605036e-05  1.0007246849218e-06  0.0058629330798104  0.00069493644872502  0.33150274478663  1.3401167498468e-09  5.1923198931911e-09  0.20192155592633  0.46  2018.0115546998  
 0.000196    1.6744455030231e-05  9.9651746962635e-07  0.0058490515753608  0.00069383717538516  0.33151655192603  1.3341518340984e-09  5.1615820705223e-09  0.20192280323055  0.46  2018.4650071247  
 0.000197    1.6675915592775e-05  9.9233869791925e-07  0.005835243557136  0.00069274130523581  0.33153028584165  1.3282320679805e-09  5.1311324246934e-09  0.20192404638177  0.46  2018.9160504931  
 0.000198    1.6607826149276e-05  9.8818810234325e-07  0.005821508407429  0.00069164882638215  0.33154394714994  1.3223569658201e-09  5.1009672499098e-09  0.2019252853976  0.46  2019.3647051231  
 0.000199    1.6540182604931e-05  9.8406541868671e-07  0.0058078455157534  0.00069055972691229  0.33155753646014  1.3165260487619e-09  5.0710829010233e-09  0.20192652029563  0.46  2019.8109910947  
 0.0002    1.6472980912828e-05  9.7997038593519e-07  0.0057942542787345  0.00068947399489939  0.33157105437436  1.3107388446497e-09  5.0414757923279e-09  0.2019277510934  0.46  2020.2549282531  
 0.000201    1.6406217073267e-05  9.7590274622392e-07  0.0057807341000029  0.00068839161840377  0.33158450148775  1.3049948879107e-09  5.0121423963834e-09  0.2019289778084  0.46  2020.6965362125  
 0.000202    1.6339887133084e-05  9.7186224479112e-07  0.0057672843900901  0.00068731258547486  0.33159787838852  1.2992937194414e-09  4.9830792428664e-09  0.2019302004581  0.46  2021.1358343593  
 0.000203    1.6273987184986e-05  9.6784862993214e-07  0.0057539045663256  0.00068623688415316  0.33161118565811  1.2936348864972e-09  4.9542829174474e-09  0.20193141905989  0.46  2021.5728418557  
 0.000204    1.6208513366909e-05  9.6386165295438e-07  0.0057405940527362  0.00068516450247213  0.33162442387128  1.2880179425822e-09  4.925750060694e-09  0.20193263363113  0.46  2022.0075776431  
 0.000205    1.6143461861367e-05  9.5990106813304e-07  0.0057273522799468  0.00068409542845998  0.33163759359617  1.2824424473439e-09  4.8974773670002e-09  0.20193384418913  0.46  2022.440060445  
 0.000206    1.6078828894834e-05  9.5596663266762e-07  0.0057141786850834  0.00068302965014145  0.33165069539444  1.2769079664673e-09  4.869461583539e-09  0.20193505075116  0.46  2022.8703087707  
 0.000207    1.6014610737118e-05  9.5205810663916e-07  0.0057010727116776  0.0006819671555395  0.33166372982136  1.2714140715732e-09  4.8416995092395e-09  0.20193625333442  0.46  2023.2983409181  
 0.000208    1.5950803700753e-05  9.4817525296825e-07  0.0056880338095729  0.000680907932677  0.33167669742588  1.2659603401179e-09  4.8141879937878e-09  0.20193745195607  0.46  2023.7241749769  
 0.000209    1.5887404140407e-05  9.4431783737378e-07  0.0056750614348326  0.00067985196957824  0.33168959875072  1.2605463552944e-09  4.7869239366496e-09  0.2019386466332  0.46  2024.1478288318  
 0.00021    1.5824408452287e-05  9.4048562833237e-07  0.0056621550496495  0.00067879925427059  0.33170243433252  1.2551717059362e-09  4.7599042861153e-09  0.20193983738288  0.46  2024.5693201651  
 0.000211    1.5761813073561e-05  9.3667839703846e-07  0.0056493141222567  0.00067774977478588  0.33171520470185  1.2498359864232e-09  4.7331260383675e-09  0.2019410242221  0.46  2024.9886664602  
 0.000212    1.5699614481793e-05  9.328959173652e-07  0.0056365381268411  0.00067670351916193  0.33172791038333  1.2445387965886e-09  4.7065862365679e-09  0.2019422071678  0.46  2025.405885004  
 0.000213    1.5637809194379e-05  9.2913796582589e-07  0.0056238265434571  0.0006756604754439  0.33174055189575  1.2392797416288e-09  4.6802819699657e-09  0.20194338623685  0.46  2025.8209928899  
 0.000214    1.5576393767999e-05  9.2540432153613e-07  0.0056111788579425  0.00067462063168566  0.3317531297521  1.2340584320139e-09  4.6542103730256e-09  0.2019445614461  0.46  2026.2340070206  
 0.000215    1.5515364798072e-05  9.2169476617666e-07  0.0055985945618363  0.00067358397595112  0.33176564445967  1.2288744834011e-09  4.628368624575e-09  0.2019457328123  0.46  2026.6449441109  
 0.000216    1.5454718918227e-05  9.1800908395669e-07  0.0055860731522967  0.00067255049631546  0.33177809652014  1.2237275165486e-09  4.6027539469706e-09  0.20194690035216  0.46  2027.0538206904  
 0.000217    1.5394452799776e-05  9.1434706157805e-07  0.005573614132022  0.00067152018086637  0.33179048642967  1.2186171572329e-09  4.5773636052832e-09  0.20194806408235  0.46  2027.4606531057  
 0.000218    1.5334563151198e-05  9.1070848819976e-07  0.0055612170091716  0.00067049301770524  0.33180281467895  1.2135430361655e-09  4.5521949065e-09  0.20194922401945  0.46  2027.8654575236  
 0.000219    1.5275046717634e-05  9.0709315540329e-07  0.0055488812972892  0.00066946899494827  0.3318150817533  1.2085047889133e-09  4.5272451987446e-09  0.20195038017998  0.46  2028.2682499336  
 0.00022    1.5215900280386e-05  9.0350085715838e-07  0.005536606515227  0.00066844810072764  0.33182728813273  1.2035020558191e-09  4.5025118705149e-09  0.20195153258043  0.46  2028.6690461497  
 0.000221    1.5157120656424e-05  8.9993138978946e-07  0.0055243921870712  0.00066743032319247  0.33183943429203  1.1985344819248e-09  4.4779923499365e-09  0.2019526812372  0.46  2029.0678618138  
 0.000222    1.5098704697908e-05  8.9638455194259e-07  0.005512237842069  0.00066641565051  0.33185152070082  1.1936017168946e-09  4.4536841040324e-09  0.20195382616664  0.46  2029.4647123973  
 0.000223    1.5040649291706e-05  8.9286014455298e-07  0.0055001430145565  0.00066540407086644  0.33186354782365  1.1887034149416e-09  4.4295846380098e-09  0.20195496738503  0.46  2029.8596132043  
 0.000224    1.498295135893e-05  8.8935797081301e-07  0.0054881072438879  0.00066439557246803  0.33187551612006  1.183839234754e-09  4.4056914945601e-09  0.2019561049086  0.46  2030.2525793732  
 0.000225    1.4925607854473e-05  8.8587783614083e-07  0.0054761300743664  0.00066339014354191  0.33188742604464  1.1790088394236e-09  4.3820022531763e-09  0.20195723875349  0.46  2030.6436258792  
 0.000226    1.4868615766558e-05  8.8241954814946e-07  0.0054642110551755  0.00066238777233704  0.3318992780471  1.1742118963762e-09  4.3585145294836e-09  0.20195836893582  0.46  2031.0327675369  
 0.000227    1.481197211629e-05  8.7898291661637e-07  0.0054523497403122  0.00066138844712507  0.33191107257235  1.1694480773016e-09  4.3352259745842e-09  0.2019594954716  0.46  2031.4200190021  
 0.000228    1.4755673957219e-05  8.7556775345362e-07  0.0054405456885207  0.00066039215620117  0.33192281006057  1.1647170580871e-09  4.3121342744171e-09  0.20196061837681  0.46  2031.8053947742  
 0.000229    1.4699718374904e-05  8.7217387267841e-07  0.0054287984632274  0.00065939888788484  0.33193449094724  1.1600185187504e-09  4.2892371491304e-09  0.20196173766734  0.46  2032.1889091983  
 0.00023    1.4644102486493e-05  8.688010903842e-07  0.0054171076324774  0.00065840863052063  0.33194611566323  1.1553521433748e-09  4.2665323524678e-09  0.20196285335904  0.46  2032.5705764674  
 0.000231    1.4588823440298e-05  8.654492247122e-07  0.0054054727688715  0.00065742137247899  0.33195768463489  1.1507176200454e-09  4.2440176711675e-09  0.20196396546767  0.46  2032.9504106241  
 0.000232    1.4533878415389e-05  8.6211809582344e-07  0.0053938934495048  0.00065643710215688  0.33196919828405  1.1461146407864e-09  4.2216909243735e-09  0.20196507400894  0.46  2033.3284255632  
 0.000233    1.4479264621185e-05  8.5880752587119e-07  0.0053823692559052  0.00065545580797858  0.33198065702811  1.1415429014997e-09  4.1995499630601e-09  0.2019661789985  0.46  2033.7046350333  
 0.000234    1.4424979297054e-05  8.5551733897388e-07  0.0053708997739748  0.00065447747839623  0.33199206128013  1.1370021019041e-09  4.1775926694676e-09  0.2019672804519  0.46  2034.0790526389  
 0.000235    1.4371019711921e-05  8.5224736118845e-07  0.0053594845939304  0.00065350210189057  0.33200341144883  1.1324919454769e-09  4.1558169565503e-09  0.20196837838468  0.46  2034.4516918422  
 0.000236    1.4317383163883e-05  8.4899742048411e-07  0.0053481233102458  0.00065252966697154  0.33201470793871  1.1280121393951e-09  4.1342207674356e-09  0.20196947281225  0.46  2034.8225659655  
 0.000237    1.4264066979824e-05  8.4576734671656e-07  0.0053368155215955  0.00065156016217883  0.33202595115005  1.1235623944786e-09  4.1128020748942e-09  0.20197056375001  0.46  2035.1916881923  
 0.000238    1.421106851504e-05  8.4255697160256e-07  0.0053255608307983  0.00065059357608251  0.332037141479  1.119142425134e-09  4.091558880822e-09  0.20197165121326  0.46  2035.5590715698  
 0.000239    1.4158385152875e-05  8.3936612869497e-07  0.0053143588447627  0.00064962989728353  0.33204827931762  1.1147519493001e-09  4.0704892157318e-09  0.20197273521723  0.46  2035.9247290105  
 0.00024    1.4106014304351e-05  8.3619465335818e-07  0.0053032091744324  0.00064866911441432  0.33205936505396  1.1103906883934e-09  4.0495911382557e-09  0.20197381577711  0.46  2036.2886732939  
 0.000241    1.4053953407812e-05  8.3304238274387e-07  0.0052921114347337  0.00064771121613919  0.33207039907207  1.1060583672555e-09  4.0288627346578e-09  0.201974892908  0.46  2036.6509170683  
 0.000242    1.4002199928572e-05  8.2990915576719e-07  0.0052810652445226  0.00064675619115492  0.33208138175208  1.1017547141007e-09  4.0083021183567e-09  0.20197596662495  0.46  2037.0114728525  
 0.000243    1.3950751358566e-05  8.2679481308338e-07  0.0052700702265335  0.00064580402819118  0.33209231347026  1.0974794604652e-09  3.9879074294578e-09  0.20197703694291  0.46  2037.3703530377  
 0.000244    1.3899605216012e-05  8.2369919706466e-07  0.0052591260073286  0.00064485471601097  0.33210319459904  1.0932323411571e-09  3.9676768342951e-09  0.20197810387681  0.46  2037.7275698889  
 0.000245    1.3848759045068e-05  8.206221517775e-07  0.005248232217248  0.00064390824341107  0.3321140255071  1.0890130942065e-09  3.947608524982e-09  0.20197916744149  0.46  2038.0831355467  
 0.000246    1.3798210415505e-05  8.1756352296034e-07  0.0052373884903607  0.00064296459922244  0.33212480655938  1.084821460818e-09  3.9277007189714e-09  0.2019802276517  0.46  2038.437062029  
 0.000247    1.3747956922378e-05  8.1452315800153e-07  0.0052265944644159  0.00064202377231065  0.33213553811714  1.0806571853224e-09  3.9079516586242e-09  0.20198128452215  0.46  2038.7893612323  
 0.000248    1.3697996185704e-05  8.115009059177e-07  0.0052158497807963  0.00064108575157618  0.33214622053803  1.0765200151304e-09  3.8883596107874e-09  0.20198233806749  0.46  2039.1400449336  
 0.000249    1.364832585015e-05  8.0849661733242e-07  0.0052051540844702  0.00064015052595484  0.3321568541761  1.0724097006869e-09  3.8689228663795e-09  0.20198338830228  0.46  2039.4891247917  
 0.00025    1.3598943584711e-05  8.0551014445524e-07  0.0051945070239466  0.00063921808441811  0.33216743938189  1.0683259954259e-09  3.849639739985e-09  0.20198443524103  0.46  2039.836612349  
 0.000251    1.3549847082411e-05  8.0254134106103e-07  0.0051839082512291  0.00063828841597347  0.33217797650243  1.0642686557259e-09  3.8305085694556e-09  0.20198547889816  0.46  2040.1825190326  
 0.000252    1.3501034059999e-05  7.995900624696e-07  0.0051733574217716  0.00063736150966465  0.33218846588131  1.060237440867e-09  3.811527715522e-09  0.20198651928805  0.46  2040.5268561561  
 0.000253    1.3452502257644e-05  7.9665616552567e-07  0.0051628541944344  0.00063643735457202  0.33219890785872  1.0562321129881e-09  3.7926955614098e-09  0.20198755642499  0.46  2040.8696349209  
 0.000254    1.340424943865e-05  7.9373950857923e-07  0.0051523982314409  0.00063551593981285  0.33220930277149  1.0522524370447e-09  3.7740105124657e-09  0.20198859032322  0.46  2041.2108664176  
 0.000255    1.335627338916e-05  7.9083995146598e-07  0.0051419891983349  0.00063459725454149  0.33221965095314  1.0482981807679e-09  3.75547099579e-09  0.2019896209969  0.46  2041.5505616278  
 0.000256    1.3308571917872e-05  7.8795735548836e-07  0.0051316267639391  0.00063368128794975  0.33222995273392  1.0443691146241e-09  3.737075459876e-09  0.20199064846014  0.46  2041.8887314246  
 0.000257    1.3261142855761e-05  7.8509158339661e-07  0.0051213106003135  0.0006327680292671  0.33224020844083  1.0404650117747e-09  3.7188223742569e-09  0.20199167272696  0.46  2042.2253865751  
 0.000258    1.3213984055797e-05  7.8224249937026e-07  0.005111040382715  0.00063185746776083  0.33225041839769  1.0365856480378e-09  3.70071022916e-09  0.20199269381133  0.46  2042.5605377406  
 0.000259    1.3167093392676e-05  7.7940996899988e-07  0.0051008157895571  0.0006309495927364  0.33226058292517  1.0327308018489e-09  3.6827375351655e-09  0.20199371172716  0.46  2042.894195479  
 0.00026    1.312046876255e-05  7.765938592691e-07  0.005090636502371  0.00063004439353751  0.33227070234083  1.028900254224e-09  3.6649028228756e-09  0.20199472648826  0.46  2043.2263702452  
 0.000261    1.307410808276e-05  7.7379403853687e-07  0.0050805022057662  0.00062914185954642  0.33228077695915  1.0250937887219e-09  3.6472046425855e-09  0.2019957381084  0.46  2043.557072393  
 0.000262    1.3028009291578e-05  7.7101037652003e-07  0.0050704125873931  0.00062824198018401  0.33229080709158  1.0213111914081e-09  3.6296415639645e-09  0.20199674660129  0.46  2043.8863121758  
 0.000263    1.2982170347948e-05  7.6824274427614e-07  0.0050603673379045  0.00062734474491004  0.33230079304657  1.0175522508185e-09  3.612212175741e-09  0.20199775198056  0.46  2044.2140997486  
 0.000264    1.2936589231233e-05  7.6549101418651e-07  0.0050503661509193  0.0006264501432233  0.3323107351296  1.013816757925e-09  3.5949150853943e-09  0.20199875425976  0.46  2044.5404451683  
 0.000265    1.2891263940964e-05  7.627550599396e-07  0.0050404087229856  0.0006255581646617  0.33232063364323  1.0101045061e-09  3.5777489188526e-09  0.20199975345242  0.46  2044.8653583958  
 0.000266    1.2846192496595e-05  7.6003475651452e-07  0.0050304947535449  0.00062466879880247  0.33233048888715  1.0064152910827e-09  3.5607123201955e-09  0.20200074957195  0.46  2045.1888492965  
 0.000267    1.2801372937259e-05  7.5732998016491e-07  0.0050206239448967  0.00062378203526229  0.33234030115818  1.002748910946e-09  3.5438039513634e-09  0.20200174263172  0.46  2045.5109276418  
 0.000268    1.275680332153e-05  7.5464060840297e-07  0.0050107960021636  0.00062289786369737  0.33235007075032  9.9910516606292e-10  3.5270224918718e-09  0.20200273264505  0.46  2045.8316031103  
 0.000269    1.2712481727188e-05  7.5196651998378e-07  0.005001010633257  0.00062201627380359  0.33235979795479  9.9548385907477e-10  3.5103666385307e-09  0.20200371962517  0.46  2046.1508852887  
 0.00027    1.2668406250983e-05  7.493075948898e-07  0.0049912675488433  0.00062113725531662  0.33236948306006  9.918847948591e-10  3.4938351051703e-09  0.20200470358525  0.46  2046.4687836731  
 0.000271    1.262457500841e-05  7.4666371431567e-07  0.0049815664623103  0.00062026079801194  0.33237912635189  9.8830778049856e-10  3.4774266223707e-09  0.2020056845384  0.46  2046.7853076699  
 0.000272    1.2580986133481e-05  7.4403476065319e-07  0.0049719070897348  0.00061938689170504  0.33238872811334  9.8475262525003e-10  3.4611399371971e-09  0.20200666249766  0.46  2047.1004665972  
 0.000273    1.2537637778501e-05  7.4142061747646e-07  0.0049622891498499  0.00061851552625137  0.33239828862484  9.8121914051443e-10  3.4449738129397e-09  0.20200763747601  0.46  2047.4142696856  
 0.000274    1.2494528113854e-05  7.388211695274e-07  0.0049527123640133  0.00061764669154653  0.33240780816419  9.7770713980697e-10  3.428927028859e-09  0.20200860948637  0.46  2047.7267260794  
 0.000275    1.2451655327779e-05  7.3623630270131e-07  0.0049431764561757  0.00061678037752623  0.33241728700658  9.7421643872799e-10  3.4129983799358e-09  0.20200957854159  0.46  2048.0378448375  
 0.000276    1.2409017626164e-05  7.3366590403275e-07  0.0049336811528501  0.0006159165741664  0.33242672542469  9.70746854934e-10  3.3971866766241e-09  0.20201054465445  0.46  2048.3476349345  
 0.000277    1.2366613232332e-05  7.3110986168158e-07  0.004924226183081  0.00061505527148327  0.33243612368862  9.6729820810958e-10  3.3814907446113e-09  0.20201150783767  0.46  2048.6561052617  
 0.000278    1.2324440386832e-05  7.2856806491921e-07  0.0049148112784146  0.0006141964595333  0.33244548206602  9.638703199394e-10  3.3659094245805e-09  0.20201246810392  0.46  2048.9632646282  
 0.000279    1.2282497347239e-05  7.2604040411507e-07  0.0049054361728693  0.00061334012841331  0.33245480082204  9.60463014081e-10  3.3504415719785e-09  0.20201342546578  0.46  2049.2691217616  
 0.00028    1.224078238795e-05  7.2352677072324e-07  0.0048961006029059  0.00061248626826047  0.3324640802194  9.5707611613771e-10  3.3350860567874e-09  0.2020143799358  0.46  2049.5736853094  
 0.000281    1.2199293799985e-05  7.2102705726928e-07  0.0048868043073995  0.00061163486925232  0.33247332051843  9.5370945363222e-10  3.3198417633001e-09  0.20201533152643  0.46  2049.8769638392  
 0.000282    1.2158029890793e-05  7.185411573373e-07  0.0048775470276108  0.0006107859216068  0.33248252197705  9.5036285598056e-10  3.3047075899012e-09  0.2020162802501  0.46  2050.1789658407  
 0.000283    1.2116988984056e-05  7.1606896555713e-07  0.0048683285071581  0.00060993941558222  0.33249168485085  9.4703615446639e-10  3.2896824488501e-09  0.20201722611913  0.46  2050.4796997257  
 0.000284    1.2076169419502e-05  7.1361037759177e-07  0.0048591484919901  0.00060909534147732  0.33250080939307  9.4372918221586e-10  3.2747652660692e-09  0.20201816914581  0.46  2050.7791738293  
 0.000285    1.2035569552714e-05  7.1116529012492e-07  0.0048500067303584  0.00060825368963121  0.33250989585468  9.4044177417267e-10  3.2599549809353e-09  0.20201910934237  0.46  2051.0773964111  
 0.000286    1.1995187754945e-05  7.0873360084876e-07  0.0048409029727907  0.00060741445042339  0.33251894448435  9.3717376707377e-10  3.2452505460756e-09  0.20202004672096  0.46  2051.3743756555  
 0.000287    1.1955022412939e-05  7.0631520845188e-07  0.0048318369720648  0.00060657761427372  0.33252795552853  9.3392499942526e-10  3.230650927166e-09  0.20202098129367  0.46  2051.6701196732  
 0.000288    1.1915071928745e-05  7.0391001260738e-07  0.0048228084831823  0.00060574317164241  0.33253692923144  9.3069531147874e-10  3.2161551027342e-09  0.20202191307255  0.46  2051.9646365017  
 0.000289    1.1875334719546e-05  7.0151791396116e-07  0.0048138172633428  0.00060491111303003  0.33254586583509  9.2748454520807e-10  3.2017620639655e-09  0.20202284206956  0.46  2052.257934106  
 0.00029    1.1835809217477e-05  6.9913881412031e-07  0.0048048630719189  0.00060408142897738  0.33255476557936  9.2429254428648e-10  3.187470814513e-09  0.20202376829662  0.46  2052.5500203797  
 0.000291    1.1796493869457e-05  6.9677261564176e-07  0.0047959456704314  0.00060325411006557  0.33256362870195  9.21119154064e-10  3.1732803703099e-09  0.20202469176558  0.46  2052.840903146  
 0.000292    1.1757387137016e-05  6.9441922202101e-07  0.0047870648225242  0.00060242914691592  0.33257245543845  9.1796422154527e-10  3.1591897593861e-09  0.20202561248824  0.46  2053.130590158  
 0.000293    1.171848749613e-05  6.9207853768103e-07  0.0047782202939405  0.0006016065301899  0.33258124602237  9.1482759536772e-10  3.1451980216874e-09  0.20202653047632  0.46  2053.4190890998  
 0.000294    1.1679793437049e-05  6.8975046796139e-07  0.0047694118524988  0.00060078625058916  0.33259000068513  9.1170912578014e-10  3.1313042088986e-09  0.2020274457415  0.46  2053.7064075873  
 0.000295    1.164130346414e-05  6.8743491910746e-07  0.0047606392680691  0.00059996829885537  0.33259871965612  9.086086646214e-10  3.1175073842687e-09  0.2020283582954  0.46  2053.992553169  
 0.000296    1.1603016095722e-05  6.8513179825974e-07  0.0047519023125501  0.00059915266577027  0.33260740316269  9.0552606529978e-10  3.1038066224404e-09  0.20202926814956  0.46  2054.2775333266  
 0.000297    1.1564929863909e-05  6.8284101344345e-07  0.004743200759846  0.00059833934215553  0.33261605143019  9.0246118277233e-10  3.0902010092812e-09  0.20203017531548  0.46  2054.5613554758  
 0.000298    1.1527043314448e-05  6.8056247355816e-07  0.0047345343858437  0.00059752831887275  0.33262466468201  8.9941387352479e-10  3.0766896417183e-09  0.20203107980459  0.46  2054.8440269672  
 0.000299    1.1489355006571e-05  6.7829608836761e-07  0.0047259029683911  0.00059671958682332  0.33263324313957  8.9638399555168e-10  3.0632716275765e-09  0.20203198162828  0.46  2055.125555087  
 0.0003    1.1451863512837e-05  6.7604176848968e-07  0.0047173062872744  0.00059591313694843  0.33264178702234  8.9337140833678e-10  3.0499460854182e-09  0.20203288079786  0.46  2055.4059470574  
 0.000301    1.1414567418984e-05  6.7379942538644e-07  0.0047087441241972  0.00059510896022893  0.3326502965479  8.9037597283378e-10  3.0367121443863e-09  0.20203377732459  0.46  2055.6852100378  
 0.000302    1.1377465323778e-05  6.7156897135444e-07  0.0047002162627583  0.00059430704768533  0.33265877193195  8.8739755144748e-10  3.0235689440508e-09  0.20203467121968  0.46  2055.9633511252  
 0.000303    1.1340555838867e-05  6.6935031951499e-07  0.0046917224884312  0.0005935073903776  0.33266721338827  8.8443600801499e-10  3.0105156342568e-09  0.20203556249427  0.46  2056.2403773549  
 0.000304    1.1303837588638e-05  6.6714338380474e-07  0.004683262588543  0.00059270997940521  0.33267562112884  8.8149120778735e-10  2.997551374975e-09  0.20203645115945  0.46  2056.5162957014  
 0.000305    1.1267309210072e-05  6.6494807896623e-07  0.0046748363522542  0.00059191480590696  0.33268399536379  8.7856301741154e-10  2.9846753361565e-09  0.20203733722626  0.46  2056.7911130788  
 0.000306    1.1230969352601e-05  6.627643205387e-07  0.0046664435705379  0.00059112186106096  0.33269233630145  8.7565130491256e-10  2.9718866975876e-09  0.20203822070566  0.46  2057.0648363417  
 0.000307    1.1194816677976e-05  6.6059202484891e-07  0.0046580840361603  0.00059033113608448  0.33270064414833  8.7275593967582e-10  2.9591846487491e-09  0.20203910160857  0.46  2057.3374722856  
 0.000308    1.115884986012e-05  6.5843110900222e-07  0.0046497575436609  0.00058954262223387  0.33270891910922  8.6987679243009e-10  2.9465683886773e-09  0.20203997994587  0.46  2057.6090276479  
 0.000309    1.1123067585001e-05  6.562814908736e-07  0.0046414638893329  0.00058875631080445  0.33271716138713  8.6701373523017e-10  2.9340371258267e-09  0.20204085572834  0.46  2057.8795091083  
 0.00031    1.1087468550493e-05  6.5414308909899e-07  0.0046332028712042  0.0005879721931305  0.33272537118333  8.6416664144034e-10  2.9215900779358e-09  0.20204172896676  0.46  2058.1489232894  
 0.000311    1.1052051466246e-05  6.5201582306661e-07  0.0046249742890181  0.00058719026058504  0.33273354869741  8.6133538571775e-10  2.9092264718949e-09  0.2020425996718  0.46  2058.4172767574  
 0.000312    1.1016815053556e-05  6.4989961290838e-07  0.0046167779442154  0.00058641050457975  0.33274169412724  8.5851984399617e-10  2.8969455436165e-09  0.20204346785411  0.46  2058.6845760228  
 0.000313    1.0981758045236e-05  6.4779437949165e-07  0.0046086136399152  0.00058563291656496  0.33274980766903  8.5571989346997e-10  2.8847465379069e-09  0.20204433352428  0.46  2058.9508275408  
 0.000314    1.0946879185488e-05  6.4570004441074e-07  0.004600481180897  0.0005848574880294  0.33275788951733  8.5293541257831e-10  2.8726287083407e-09  0.20204519669283  0.46  2059.2160377123  
 0.000315    1.091217722978e-05  6.4361652997891e-07  0.0045923803735828  0.00058408421050022  0.33276593986503  8.5016628098963e-10  2.8605913171375e-09  0.20204605737025  0.46  2059.4802128839  
 0.000316    1.087765094472e-05  6.4154375922018e-07  0.0045843110260195  0.00058331307554279  0.33277395890344  8.4741237958631e-10  2.8486336350401e-09  0.20204691556696  0.46  2059.7433593489  
 0.000317    1.0843299107938e-05  6.3948165586139e-07  0.0045762729478612  0.0005825440747606  0.33278194682224  8.4467359044961e-10  2.8367549411951e-09  0.20204777129332  0.46  2060.0054833478  
 0.000318    1.0809120507961e-05  6.3743014432436e-07  0.0045682659503521  0.00058177719979519  0.33278990380953  8.4194979684469e-10  2.8249545230353e-09  0.20204862455965  0.46  2060.2665910689  
 0.000319    1.0775113944095e-05  6.3538914971811e-07  0.0045602898463093  0.00058101244232599  0.33279783005182  8.3924088320613e-10  2.8132316761639e-09  0.20204947537621  0.46  2060.5266886487  
 0.00032    1.0741278226312e-05  6.3335859783122e-07  0.0045523444501063  0.00058024979407021  0.33280572573411  8.3654673512334e-10  2.8015857042411e-09  0.20205032375321  0.46  2060.7857821726  
 0.000321    1.0707612175128e-05  6.3133841512425e-07  0.0045444295776564  0.00057948924678272  0.33281359103984  8.3386723932643e-10  2.7900159188719e-09  0.20205116970082  0.46  2061.0438776754  
 0.000322    1.0674114621494e-05  6.2932852872234e-07  0.004536545046396  0.00057873079225592  0.33282142615091  8.3120228367221e-10  2.7785216394965e-09  0.20205201322912  0.46  2061.3009811418  
 0.000323    1.0640784406679e-05  6.2732886640778e-07  0.0045286906752687  0.00057797442231965  0.33282923124775  8.2855175713028e-10  2.7671021932815e-09  0.20205285434819  0.46  2061.557098507  
 0.000324    1.0607620382162e-05  6.253393566128e-07  0.0045208662847096  0.00057722012884103  0.3328370065093  8.2591554976959e-10  2.7557569150139e-09  0.202053693068  0.46  2061.8122356573  
 0.000325    1.057462140952e-05  6.2335992841241e-07  0.0045130716966289  0.00057646790372433  0.332844752113  8.2329355274483e-10  2.7444851469963e-09  0.20205452939853  0.46  2062.0663984304  
 0.000326    1.0541786360318e-05  6.2139051151729e-07  0.0045053067343973  0.00057571773891089  0.33285246823485  8.2068565828339e-10  2.7332862389432e-09  0.20205536334965  0.46  2062.3195926159  
 0.000327    1.0509114116008e-05  6.1943103626686e-07  0.0044975712228296  0.0005749696263789  0.33286015504943  8.1809175967224e-10  2.7221595478805e-09  0.20205619493122  0.46  2062.5718239563  
 0.000328    1.0476603567815e-05  6.1748143362235e-07  0.0044898649881706  0.0005742235581434  0.33286781272985  8.1551175124513e-10  2.7111044380452e-09  0.20205702415303  0.46  2062.8230981467  
 0.000329    1.0444253616637e-05  6.1554163516002e-07  0.0044821878580794  0.00057347952625601  0.33287544144785  8.1294552836991e-10  2.7001202807871e-09  0.20205785102483  0.46  2063.073420836  
 0.00033    1.0412063172944e-05  6.1361157306445e-07  0.0044745396616151  0.00057273752280489  0.33288304137375  8.1039298743616e-10  2.689206454473e-09  0.20205867555632  0.46  2063.322797627  
 0.000331    1.0380031156671e-05  6.1169118012191e-07  0.004466920229222  0.0005719975399146  0.3328906126765  8.0785402584275e-10  2.6783623443904e-09  0.20205949775713  0.46  2063.5712340771  
 0.000332    1.0348156497119e-05  6.0978038971384e-07  0.0044593293927153  0.00057125956974592  0.33289815552366  8.0532854198583e-10  2.667587342655e-09  0.20206031763687  0.46  2063.8187356985  
 0.000333    1.031643813286e-05  6.0787913581037e-07  0.004451766985267  0.00057052360449573  0.33290567008147  8.0281643524691e-10  2.6568808481183e-09  0.20206113520507  0.46  2064.065307959  
 0.000334    1.028487501163e-05  6.0598735296396e-07  0.0044442328413918  0.00056978963639692  0.33291315651482  8.00317605981e-10  2.6462422662769e-09  0.20206195047124  0.46  2064.310956282  
 0.000335    1.0253466090244e-05  6.0410497630313e-07  0.004436726796933  0.0005690576577182  0.33292061498725  7.9783195550508e-10  2.6356710091833e-09  0.20206276344481  0.46  2064.5556860476  
 0.000336    1.0222210334488e-05  6.0223194152622e-07  0.0044292486890495  0.00056832766076397  0.33292804566101  7.9535938608662e-10  2.6251664953586e-09  0.2020635741352  0.46  2064.7995025925  
 0.000337    1.0191106719035e-05  6.0036818489527e-07  0.0044217983562017  0.0005675996378742  0.33293544869706  7.9289980093238e-10  2.6147281497054e-09  0.20206438255175  0.46  2065.0424112107  
 0.000338    1.0160154227344e-05  5.9851364322998e-07  0.0044143756381384  0.00056687358142428  0.33294282425506  7.9045310417713e-10  2.6043554034233e-09  0.20206518870377  0.46  2065.2844171537  
 0.000339    1.0129351851574e-05  5.9666825390175e-07  0.0044069803758837  0.0005661494838249  0.33295017249339  7.8801920087296e-10  2.5940476939255e-09  0.2020659926005  0.46  2065.5255256314  
 0.00034    1.0098698592486e-05  5.9483195482772e-07  0.0043996124117239  0.00056542733752187  0.3329574935692  7.8559799697815e-10  2.5838044647553e-09  0.20206679425115  0.46  2065.765741812  
 0.000341    1.0068193459362e-05  5.9300468446502e-07  0.0043922715891947  0.00056470713499601  0.33296478763836  7.8318939934676e-10  2.573625165506e-09  0.20206759366488  0.46  2066.0050708228  
 0.000342    1.0037835469909e-05  5.9118638180498e-07  0.0043849577530685  0.00056398886876298  0.33297205485553  7.8079331571803e-10  2.5635092517411e-09  0.20206839085082  0.46  2066.2435177505  
 0.000343    1.0007623650174e-05  5.8937698636746e-07  0.0043776707493421  0.00056327253137321  0.33297929537415  7.7840965470605e-10  2.553456184915e-09  0.20206918581801  0.46  2066.4810876413  
 0.000344    9.977557034458e-06  5.8757643819523e-07  0.004370410425224  0.00056255811541165  0.33298650934642  7.7603832578949e-10  2.543465432296e-09  0.20206997857547  0.46  2066.717785502  
 0.000345    9.9476346652294e-06  5.8578467784847e-07  0.0043631766291225  0.00056184561349772  0.33299369692339  7.7367923930163e-10  2.5335364668906e-09  0.20207076913219  0.46  2066.9536162997  
 0.000346    9.9178555930398e-06  5.8400164639928e-07  0.0043559692106334  0.0005611350182851  0.33300085825489  7.7133230642027e-10  2.5236687673673e-09  0.20207155749709  0.46  2067.1885849627  
 0.000347    9.8882188764416e-06  5.8222728542627e-07  0.0043487880205283  0.00056042632246163  0.33300799348959  7.6899743915813e-10  2.5138618179841e-09  0.20207234367905  0.46  2067.4226963805  
 0.000348    9.8587235819044e-06  5.8046153700926e-07  0.0043416329107425  0.00055971951874917  0.333015102775  7.6667455035302e-10  2.5041151085148e-09  0.20207312768689  0.46  2067.6559554045  
 0.000349    9.8293687837342e-06  5.78704343724e-07  0.004334503734364  0.00055901459990341  0.33302218625748  7.6436355365838e-10  2.4944281341777e-09  0.20207390952942  0.46  2067.8883668482  
 0.00035    9.8001535639922e-06  5.7695564863698e-07  0.0043274003456214  0.00055831155871375  0.33302924408225  7.6206436353398e-10  2.4848003955657e-09  0.20207468921537  0.46  2068.1199354877  
 0.000351    9.7710770124166e-06  5.7521539530028e-07  0.0043203225998728  0.00055761038800321  0.3330362763934  7.5977689523639e-10  2.4752313985753e-09  0.20207546675345  0.46  2068.3506660619  
 0.000352    9.7421382263433e-06  5.7348352774651e-07  0.0043132703535946  0.00055691108062815  0.33304328333392  7.5750106481016e-10  2.4657206543401e-09  0.2020762421523  0.46  2068.580563273  
 0.000353    9.7133363106285e-06  5.7175999048381e-07  0.0043062434643706  0.00055621362947828  0.33305026504568  7.5523678907857e-10  2.4562676791621e-09  0.20207701542055  0.46  2068.809631787  
 0.000354    9.6846703775726e-06  5.7004472849089e-07  0.0042992417908806  0.00055551802747643  0.33305722166946  7.5298398563482e-10  2.4468719944458e-09  0.20207778656676  0.46  2069.0378762337  
 0.000355    9.6561395468438e-06  5.6833768721218e-07  0.0042922651928903  0.00055482426757839  0.33306415334496  7.5074257283328e-10  2.4375331266331e-09  0.20207855559944  0.46  2069.2653012073  
 0.000356    9.6277429454035e-06  5.6663881255295e-07  0.00428531353124  0.00055413234277279  0.3330710602108  7.4851246978078e-10  2.4282506071386e-09  0.20207932252708  0.46  2069.4919112668  
 0.000357    9.5994797074334e-06  5.6494805087458e-07  0.0042783866678342  0.00055344224608101  0.33307794240457  7.4629359632814e-10  2.4190239722864e-09  0.20208008735811  0.46  2069.7177109361  
 0.000358    9.5713489742611e-06  5.6326534898986e-07  0.0042714844656315  0.00055275397055693  0.33308480006276  7.4408587306164e-10  2.4098527632474e-09  0.20208085010093  0.46  2069.9427047046  
 0.000359    9.5433498942891e-06  5.6159065415832e-07  0.0042646067886339  0.00055206750928684  0.33309163332085  7.4188922129485e-10  2.4007365259786e-09  0.20208161076389  0.46  2070.1668970275  
 0.00036    9.5154816229229e-06  5.5992391408165e-07  0.0042577535018771  0.00055138285538932  0.33309844231329  7.3970356306033e-10  2.3916748111613e-09  0.20208236935529  0.46  2070.3902923259  
 0.000361    9.487743322501e-06  5.5826507689916e-07  0.0042509244714198  0.00055070000201504  0.3331052271735  7.3752882110162e-10  2.3826671741426e-09  0.20208312588339  0.46  2070.6128949874  
 0.000362    9.4601341622256e-06  5.5661409118329e-07  0.0042441195643345  0.00055001894234663  0.33311198803389  7.3536491886516e-10  2.3737131748759e-09  0.20208388035642  0.46  2070.8347093663  
 0.000363    9.4326533180926e-06  5.5497090593521e-07  0.004237338648697  0.00054933966959857  0.33311872502588  7.3321178049253e-10  2.3648123778632e-09  0.20208463278257  0.46  2071.055739784  
 0.000364    9.4052999728253e-06  5.5333547058041e-07  0.0042305815935773  0.00054866217701698  0.33312543827988  7.3106933081258e-10  2.3559643520978e-09  0.20208538316996  0.46  2071.2759905292  
 0.000365    9.378073315807e-06  5.5170773496442e-07  0.0042238482690297  0.00054798645787957  0.33313212792534  7.2893749533386e-10  2.3471686710085e-09  0.2020861315267  0.46  2071.4954658582  
 0.000366    9.3509725430129e-06  5.5008764934848e-07  0.0042171385460833  0.00054731250549536  0.33313879409072  7.2681620023699e-10  2.3384249124041e-09  0.20208687786083  0.46  2071.7141699956  
 0.000367    9.3239968569474e-06  5.4847516440541e-07  0.0042104522967329  0.0005466403132047  0.33314543690352  7.2470537236724e-10  2.3297326584185e-09  0.20208762218039  0.46  2071.932107134  
 0.000368    9.2971454665772e-06  5.4687023121538e-07  0.0042037893939293  0.00054596987437894  0.33315205649029  7.2260493922716e-10  2.3210914954573e-09  0.20208836449334  0.46  2072.1492814348  
 0.000369    9.2704175872676e-06  5.4527280126179e-07  0.0041971497115708  0.00054530118242044  0.33315865297665  7.2051482896923e-10  2.3125010141446e-09  0.20208910480761  0.46  2072.365697028  
 0.00037    9.2438124407207e-06  5.4368282642725e-07  0.0041905331244936  0.00054463423076237  0.33316522648726  7.1843497038886e-10  2.3039608092707e-09  0.2020898431311  0.46  2072.5813580133  
 0.000371    9.2173292549107e-06  5.4210025898952e-07  0.004183939508463  0.00054396901286853  0.33317177714587  7.1636529291712e-10  2.295470479741e-09  0.20209057947166  0.46  2072.7962684594  
 0.000372    9.1909672640241e-06  5.4052505161756e-07  0.0041773687401651  0.00054330552223325  0.33317830507529  7.1430572661392e-10  2.2870296285249e-09  0.20209131383711  0.46  2073.0104324051  
 0.000373    9.1647257083972e-06  5.3895715736759e-07  0.0041708206971971  0.00054264375238124  0.33318481039746  7.1225620216101e-10  2.278637862606e-09  0.20209204623521  0.46  2073.2238538592  
 0.000374    9.1386038344565e-06  5.3739652967924e-07  0.0041642952580596  0.00054198369686743  0.33319129323338  7.102166508552e-10  2.2702947929329e-09  0.20209277667371  0.46  2073.4365368008  
 0.000375    9.1126008946591e-06  5.3584312237171e-07  0.0041577923021475  0.00054132534927683  0.33319775370318  7.0818700460172e-10  2.2620000343706e-09  0.2020935051603  0.46  2073.6484851797  
 0.000376    9.0867161474332e-06  5.3429688963995e-07  0.0041513117097419  0.00054066870322442  0.3332041919261  7.0616719590743e-10  2.2537532056525e-09  0.20209423170264  0.46  2073.8597029167  
 0.000377    9.0609488571203e-06  5.3275778605097e-07  0.0041448533620016  0.00054001375235494  0.33321060802051  7.0415715787448e-10  2.2455539293334e-09  0.20209495630834  0.46  2074.0701939035  
 0.000378    9.0352982939173e-06  5.3122576654011e-07  0.004138417140955  0.0005393604903428  0.33321700210391  7.021568241937e-10  2.2374018317433e-09  0.20209567898498  0.46  2074.2799620035  
 0.000379    9.0097637338199e-06  5.2970078640742e-07  0.0041320029294918  0.00053870891089195  0.33322337429294  7.0016612913824e-10  2.2292965429407e-09  0.20209639974011  0.46  2074.4890110519  
 0.00038    8.9843444585657e-06  5.2818280131399e-07  0.004125610611355  0.00053805900773565  0.33322972470338  6.9818500755739e-10  2.2212376966688e-09  0.20209711858122  0.46  2074.6973448557  
 0.000381    8.9590397555793e-06  5.2667176727847e-07  0.0041192400711332  0.00053741077463646  0.33323605345019  6.9621339487025e-10  2.2132249303094e-09  0.20209783551579  0.46  2074.9049671942  
 0.000382    8.9338489179169e-06  5.2516764067345e-07  0.0041128911942523  0.00053676420538597  0.33324236064747  6.9425122705966e-10  2.2052578848404e-09  0.20209855055124  0.46  2075.1118818192  
 0.000383    8.9087712442119e-06  5.2367037822205e-07  0.0041065638669681  0.00053611929380474  0.33324864640851  6.9229844066609e-10  2.1973362047917e-09  0.20209926369496  0.46  2075.3180924554  
 0.000384    8.883806038621e-06  5.2217993699443e-07  0.0041002579763583  0.00053547603374214  0.33325491084578  6.9035497278174e-10  2.1894595382029e-09  0.2020999749543  0.46  2075.5236028003  
 0.000385    8.8589526107717e-06  5.206962744044e-07  0.0040939734103154  0.00053483441907619  0.33326115407092  6.8842076104461e-10  2.181627536581e-09  0.20210068433658  0.46  2075.728416525  
 0.000386    8.8342102757091e-06  5.1921934820608e-07  0.0040877100575386  0.00053419444371343  0.33326737619479  6.8649574363265e-10  2.1738398548594e-09  0.20210139184908  0.46  2075.9325372737  
 0.000387    8.8095783538444e-06  5.1774911649051e-07  0.0040814678075267  0.00053355610158881  0.33327357732743  6.8457985925801e-10  2.1660961513563e-09  0.20210209749904  0.46  2076.1359686647  
 0.000388    8.7850561709031e-06  5.1628553768246e-07  0.0040752465505707  0.00053291938666549  0.33327975757811  6.8267304716143e-10  2.1583960877352e-09  0.20210280129367  0.46  2076.3387142902  
 0.000389    8.7606430578745e-06  5.1482857053708e-07  0.0040690461777465  0.00053228429293477  0.33328591705531  6.8077524710652e-10  2.1507393289646e-09  0.20210350324013  0.46  2076.5407777165  
 0.00039    8.7363383509618e-06  5.1337817413675e-07  0.0040628665809079  0.00053165081441588  0.33329205586672  6.7888639937434e-10  2.143125543279e-09  0.20210420334557  0.46  2076.7421624847  
 0.000391    8.7121413915318e-06  5.1193430788789e-07  0.0040567076526791  0.00053101894515591  0.33329817411929  6.7700644475788e-10  2.1355544021404e-09  0.20210490161708  0.46  2076.9428721102  
 0.000392    8.6880515260664e-06  5.1049693151784e-07  0.0040505692864482  0.00053038867922962  0.33330427191918  6.7513532455662e-10  2.1280255801999e-09  0.20210559806172  0.46  2077.1429100836  
 0.000393    8.6640681061138e-06  5.090660050717e-07  0.0040444513763598  0.00052976001073934  0.33331034937182  6.7327298057131e-10  2.1205387552604e-09  0.20210629268653  0.46  2077.3422798708  
 0.000394    8.6401904882409e-06  5.0764148890934e-07  0.0040383538173084  0.00052913293381479  0.33331640658188  6.7141935509858e-10  2.1130936082395e-09  0.20210698549849  0.46  2077.5409849128  
 0.000395    8.6164180339849e-06  5.0622334370231e-07  0.0040322765049316  0.00052850744261299  0.33332244365328  6.6957439092584e-10  2.1056898231329e-09  0.20210767650456  0.46  2077.7390286263  
 0.000396    8.5927501098077e-06  5.0481153043086e-07  0.004026219335603  0.00052788353131811  0.33332846068923  6.6773803132611e-10  2.0983270869782e-09  0.20210836571167  0.46  2077.936414404  
 0.000397    8.5691860870486e-06  5.0340601038102e-07  0.0040201822064264  0.00052726119414131  0.3333344577922  6.6591022005294e-10  2.0910050898197e-09  0.2021090531267  0.46  2078.1331456145  
 0.000398    8.5457253418787e-06  5.0200674514158e-07  0.0040141650152282  0.00052664042532061  0.33334043506392  6.6409090133544e-10  2.0837235246734e-09  0.20210973875651  0.46  2078.3292256027  
 0.000399    8.5223672552556e-06  5.0061369660129e-07  0.0040081676605518  0.00052602121912081  0.33334639260545  6.622800198733e-10  2.0764820874919e-09  0.20211042260792  0.46  2078.52465769  
 0.0004    8.4991112128787e-06  4.9922682694592e-07  0.0040021900416505  0.00052540356983328  0.33335233051709  6.6047752083192e-10  2.0692804771308e-09  0.20211110468771  0.46  2078.7194451745  
 0.000401    8.4759566051442e-06  4.9784609865549e-07  0.0039962320584815  0.00052478747177587  0.33335824889849  6.586833498376e-10  2.0621183953149e-09  0.20211178500264  0.46  2078.9135913314  
 0.000402    8.4529028271021e-06  4.9647147450143e-07  0.0039902936116998  0.00052417291929277  0.33336414784856  6.5689745297275e-10  2.0549955466051e-09  0.20211246355942  0.46  2079.1070994126  
 0.000403    8.4299492784123e-06  4.9510291754383e-07  0.0039843746026514  0.00052355990675436  0.33337002746555  6.5511977677121e-10  2.0479116383654e-09  0.20211314036475  0.46  2079.2999726477  
 0.000404    8.4070953633016e-06  4.9374039112869e-07  0.0039784749333676  0.00052294842855709  0.33337588784701  6.5335026821361e-10  2.0408663807313e-09  0.20211381542528  0.46  2079.4922142436  
 0.000405    8.3843404905216e-06  4.9238385888525e-07  0.0039725945065589  0.00052233847912337  0.33338172908982  6.5158887472272e-10  2.0338594865769e-09  0.20211448874761  0.46  2079.6838273851  
 0.000406    8.3616840733069e-06  4.9103328472326e-07  0.0039667332256087  0.00052173005290141  0.3333875512902  6.4983554415902e-10  2.0268906714846e-09  0.20211516033835  0.46  2079.8748152347  
 0.000407    8.3391255293327e-06  4.8968863283039e-07  0.0039608909945677  0.00052112314436508  0.33339335454369  6.4809022481611e-10  2.0199596537134e-09  0.20211583020405  0.46  2080.0651809332  
 0.000408    8.316664280675e-06  4.8834986766956e-07  0.0039550677181478  0.00052051774801383  0.33339913894516  6.4635286541637e-10  2.0130661541686e-09  0.20211649835122  0.46  2080.2549275997  
 0.000409    8.2942997537689e-06  4.8701695397643e-07  0.0039492633017162  0.00051991385837248  0.33340490458886  6.4462341510653e-10  2.0062098963716e-09  0.20211716478636  0.46  2080.4440583316  
 0.00041    8.2720313793692e-06  4.8568985675674e-07  0.00394347765129  0.00051931146999117  0.33341065156837  6.4290182345337e-10  1.9993906064298e-09  0.20211782951592  0.46  2080.6325762053  
 0.000411    8.2498585925101e-06  4.8436854128387e-07  0.0039377106735299  0.0005187105774452  0.33341637997663  6.4118804043954e-10  1.9926080130084e-09  0.20211849254634  0.46  2080.8204842758  
 0.000412    8.2277808324664e-06  4.830529730963e-07  0.0039319622757354  0.00051811117533489  0.33342208990594  6.3948201645915e-10  1.9858618472997e-09  0.202119153884  0.46  2081.0077855773  
 0.000413    8.2057975427144e-06  4.8174311799513e-07  0.0039262323658384  0.00051751325828547  0.33342778144798  6.3778370231382e-10  1.979151842996e-09  0.20211981353527  0.46  2081.1944831232  
 0.000414    8.1839081708936e-06  4.8043894204164e-07  0.003920520852398  0.00051691682094692  0.3334334546938  6.3609304920843e-10  1.9724777362606e-09  0.20212047150648  0.46  2081.3805799065  
 0.000415    8.1621121687683e-06  4.7914041155491e-07  0.0039148276445952  0.0005163218579939  0.33343910973383  6.3441000874711e-10  1.9658392657003e-09  0.20212112780393  0.46  2081.5660788994  
 0.000416    8.1404089921903e-06  4.7784749310934e-07  0.0039091526522275  0.00051572836412557  0.33344474665789  6.3273453292919e-10  1.959236172338e-09  0.2021217824339  0.46  2081.7509830544  
 0.000417    8.1187981010622e-06  4.7656015353238e-07  0.0039034957857031  0.00051513633406552  0.33345036555518  6.3106657414529e-10  1.9526681995851e-09  0.20212243540261  0.46  2081.9352953035  
 0.000418    8.0972789592993e-06  4.7527835990212e-07  0.0038978569560361  0.00051454576256157  0.3334559665143  6.2940608517336e-10  1.9461350932155e-09  0.20212308671628  0.46  2082.1190185591  
 0.000419    8.0758510347942e-06  4.7400207954501e-07  0.0038922360748411  0.0005139566443857  0.33346154962327  6.2775301917477e-10  1.9396366013387e-09  0.20212373638108  0.46  2082.3021557139  
 0.00042    8.0545137993807e-06  4.7273128003355e-07  0.003886633054328  0.00051336897433392  0.33346711496948  6.2610732969058e-10  1.9331724743739e-09  0.20212438440317  0.46  2082.4847096409  
 0.000421    8.0332667287977e-06  4.7146592918407e-07  0.0038810478072969  0.00051278274722614  0.33347266263977  6.2446897063768e-10  1.9267424650244e-09  0.20212503078866  0.46  2082.6666831939  
 0.000422    8.0121093026547e-06  4.7020599505441e-07  0.003875480247133  0.00051219795790605  0.33347819272038  6.2283789630506e-10  1.9203463282519e-09  0.20212567554363  0.46  2082.8480792076  
 0.000423    7.9910410043959e-06  4.6895144594178e-07  0.0038699302878017  0.00051161460124097  0.33348370529696  6.2121406135015e-10  1.913983821252e-09  0.20212631867416  0.46  2083.0289004973  
 0.000424    7.9700613212664e-06  4.6770225038054e-07  0.0038643978438434  0.00051103267212178  0.3334892004546  6.1959742079514e-10  1.9076547034293e-09  0.20212696018626  0.46  2083.2091498599  
 0.000425    7.9491697442781e-06  4.6645837714003e-07  0.0038588828303688  0.00051045216546275  0.33349467827783  6.1798793002343e-10  1.9013587363727e-09  0.20212760008594  0.46  2083.3888300733  
 0.000426    7.9283657681755e-06  4.6521979522241e-07  0.0038533851630541  0.00050987307620145  0.33350013885059  6.1638554477596e-10  1.8950956838316e-09  0.20212823837916  0.46  2083.5679438969  
 0.000427    7.9076488914027e-06  4.6398647386057e-07  0.0038479047581358  0.00050929539929861  0.33350558225629  6.1479022114777e-10  1.8888653116923e-09  0.20212887507187  0.46  2083.7464940718  
 0.000428    7.8870186160701e-06  4.6275838251604e-07  0.0038424415324064  0.00050871912973804  0.33351100857778  6.1320191558453e-10  1.8826673879542e-09  0.20212951016997  0.46  2083.9244833208  
 0.000429    7.8664744479215e-06  4.6153549087686e-07  0.0038369954032095  0.00050814426252643  0.33351641789733  6.1162058487904e-10  1.8765016827071e-09  0.20213014367936  0.46  2084.1019143487  
 0.00043    7.8460158963024e-06  4.6031776885557e-07  0.003831566288435  0.00050757079269333  0.33352181029672  6.1004618616786e-10  1.8703679681077e-09  0.20213077560589  0.46  2084.2787898424  
 0.000431    7.8256424741271e-06  4.5910518658718e-07  0.0038261541065147  0.00050699871529094  0.33352718585714  6.0847867692796e-10  1.8642660183578e-09  0.20213140595538  0.46  2084.4551124709  
 0.000432    7.8053536978476e-06  4.5789771442714e-07  0.0038207587764176  0.00050642802539407  0.33353254465926  6.0691801497337e-10  1.8581956096816e-09  0.20213203473364  0.46  2084.6308848857  
 0.000433    7.7851490874225e-06  4.5669532294936e-07  0.0038153802176456  0.00050585871809999  0.33353788678324  6.0536415845192e-10  1.8521565203037e-09  0.20213266194643  0.46  2084.8061097208  
 0.000434    7.7650281662848e-06  4.5549798294425e-07  0.0038100183502286  0.00050529078852828  0.3335432123087  6.0381706584196e-10  1.8461485304274e-09  0.20213328759949  0.46  2084.9807895928  
 0.000435    7.7449904613124e-06  4.5430566541676e-07  0.0038046730947205  0.00050472423182078  0.33354852131471  6.0227669594924e-10  1.8401714222137e-09  0.20213391169855  0.46  2085.1549271013  
 0.000436    7.7250355027974e-06  4.5311834158448e-07  0.0037993443721945  0.00050415904314142  0.33355381387987  6.0074300790364e-10  1.8342249797598e-09  0.20213453424929  0.46  2085.3285248287  
 0.000437    7.7051628244153e-06  4.519359828757e-07  0.0037940321042391  0.00050359521767614  0.33355909008224  5.9921596115607e-10  1.828308989078e-09  0.20213515525737  0.46  2085.5015853406  
 0.000438    7.6853719631966e-06  4.5075856092754e-07  0.0037887362129534  0.00050303275063275  0.33356434999936  5.9769551547537e-10  1.8224232380756e-09  0.20213577472841  0.46  2085.6741111859  
 0.000439    7.6656624594959e-06  4.4958604758412e-07  0.0037834566209433  0.00050247163724084  0.3335695937083  5.9618163094527e-10  1.8165675165341e-09  0.20213639266804  0.46  2085.8461048967  
 0.00044    7.6460338569641e-06  4.4841841489467e-07  0.0037781932513168  0.00050191187275166  0.3335748212856  5.9467426796134e-10  1.8107416160895e-09  0.20213700908182  0.46  2086.0175689888  
 0.000441    7.6264857025184e-06  4.472556351117e-07  0.0037729460276804  0.00050135345243799  0.33358003280731  5.9317338722799e-10  1.804945330212e-09  0.20213762397531  0.46  2086.1885059617  
 0.000442    7.6070175463147e-06  4.4609768068924e-07  0.0037677148741342  0.00050079637159405  0.333585228349  5.9167894975555e-10  1.799178454187e-09  0.20213823735404  0.46  2086.3589182985  
 0.000443    7.5876289417185e-06  4.4494452428101e-07  0.0037624997152689  0.00050024062553537  0.33359040798573  5.9019091685729e-10  1.7934407850952e-09  0.2021388492235  0.46  2086.5288084664  
 0.000444    7.5683194452777e-06  4.4379613873868e-07  0.0037573004761605  0.00049968620959869  0.3335955717921  5.8870925014657e-10  1.7877321217938e-09  0.20213945958917  0.46  2086.6981789167  
 0.000445    7.5490886166945e-06  4.426524971101e-07  0.0037521170823676  0.00049913311914186  0.33360071984221  5.8723391153395e-10  1.7820522648974e-09  0.20214006845649  0.46  2086.8670320847  
 0.000446    7.5299360187983e-06  4.4151357263758e-07  0.0037469494599262  0.00049858134954372  0.3336058522097  5.857648632244e-10  1.7764010167598e-09  0.20214067583088  0.46  2087.0353703903  
 0.000447    7.510861217518e-06  4.4037933875617e-07  0.0037417975353468  0.00049803089620395  0.33361096896772  5.8430206771447e-10  1.7707781814551e-09  0.20214128171774  0.46  2087.2031962376  
 0.000448    7.4918637818564e-06  4.3924976909198e-07  0.00373666123561  0.00049748175454307  0.33361607018896  5.8284548778953e-10  1.7651835647598e-09  0.20214188612244  0.46  2087.3705120155  
 0.000449    7.472943283862e-06  4.3812483746046e-07  0.0037315404881624  0.00049693392000219  0.33362115594565  5.8139508652106e-10  1.7596169741348e-09  0.20214248905033  0.46  2087.5373200975  
 0.00045    7.4540992986039e-06  4.3700451786479e-07  0.0037264352209137  0.00049638738804302  0.33362622630955  5.7995082726394e-10  1.7540782187078e-09  0.20214309050671  0.46  2087.7036228419  
 0.000451    7.4353314041458e-06  4.3588878449422e-07  0.003721345362232  0.0004958421541477  0.33363128135198  5.7851267365374e-10  1.7485671092555e-09  0.20214369049688  0.46  2087.869422592  
 0.000452    7.4166391815195e-06  4.3477761172243e-07  0.0037162708409407  0.00049529821381872  0.33363632114378  5.7708058960417e-10  1.7430834581868e-09  0.20214428902611  0.46  2088.0347216762  
 0.000453    7.3980222147003e-06  4.3367097410593e-07  0.0037112115863142  0.00049475556257881  0.33364134575536  5.7565453930438e-10  1.7376270795252e-09  0.20214488609964  0.46  2088.1995224083  
 0.000454    7.3794800905809e-06  4.3256884638247e-07  0.003706167528075  0.00049421419597079  0.33364635525669  5.7423448721639e-10  1.7321977888922e-09  0.2021454817227  0.46  2088.363827087  
 0.000455    7.361012398947e-06  4.3147120346946e-07  0.0037011385963896  0.00049367410955755  0.33365134971726  5.7282039807257e-10  1.7267954034907e-09  0.20214607590047  0.46  2088.5276379967  
 0.000456    7.3426187324526e-06  4.3037802046242e-07  0.0036961247218648  0.00049313529892188  0.33365632920617  5.7141223687311e-10  1.7214197420884e-09  0.20214666863812  0.46  2088.6909574074  
 0.000457    7.3242986865952e-06  4.292892726334e-07  0.0036911258355445  0.00049259775966639  0.33366129379205  5.7000996888348e-10  1.7160706250017e-09  0.2021472599408  0.46  2088.8537875747  
 0.000458    7.3060518596919e-06  4.2820493542951e-07  0.0036861418689062  0.00049206148741342  0.33366624354311  5.6861355963201e-10  1.7107478740794e-09  0.20214784981362  0.46  2089.0161307401  
 0.000459    7.2878778528552e-06  4.2712498447135e-07  0.0036811727538571  0.00049152647780487  0.33367117852713  5.6722297490741e-10  1.7054513126872e-09  0.20214843826168  0.46  2089.1779891307  
 0.00046    7.2697762699692e-06  4.2604939555155e-07  0.0036762184227311  0.0004909927265022  0.33367609881148  5.6583818075641e-10  1.7001807656917e-09  0.20214902529006  0.46  2089.33936496  
 0.000461    7.2517467176667e-06  4.2497814463328e-07  0.0036712788082852  0.00049046022918624  0.33368100446307  5.6445914348129e-10  1.6949360594453e-09  0.20214961090381  0.46  2089.5002604274  
 0.000462    7.2337888053049e-06  4.2391120784877e-07  0.003666353843696  0.00048992898155715  0.33368589554844  5.6308582963758e-10  1.6897170217705e-09  0.20215019510793  0.46  2089.6606777187  
 0.000463    7.2159021449435e-06  4.2284856149787e-07  0.0036614434625566  0.00048939897933427  0.33369077213368  5.6171820603167e-10  1.6845234819449e-09  0.20215077790745  0.46  2089.8206190058  
 0.000464    7.1980863513212e-06  4.2179018204662e-07  0.0036565475988733  0.00048887021825608  0.33369563428448  5.6035623971856e-10  1.6793552706866e-09  0.20215135930732  0.46  2089.9800864473  
 0.000465    7.1803410418331e-06  4.207360461258e-07  0.003651666187062  0.00048834269408002  0.33370048206613  5.5899989799956e-10  1.6742122201392e-09  0.20215193931252  0.46  2090.1390821884  
 0.000466    7.1626658365088e-06  4.1968613052957e-07  0.0036467991619452  0.00048781640258247  0.33370531554349  5.5764914841997e-10  1.669094163857e-09  0.20215251792796  0.46  2090.2976083607  
 0.000467    7.1450603579899e-06  4.1864041221401e-07  0.0036419464587488  0.00048729133955859  0.33371013478104  5.5630395876693e-10  1.6640009367914e-09  0.20215309515856  0.46  2090.4556670829  
 0.000468    7.1275242315082e-06  4.1759886829579e-07  0.0036371080130987  0.00048676750082226  0.33371493984287  5.5496429706711e-10  1.6589323752758e-09  0.2021536710092  0.46  2090.6132604603  
 0.000469    7.1100570848642e-06  4.1656147605081e-07  0.0036322837610181  0.00048624488220599  0.33371973079265  5.5363013158462e-10  1.6538883170118e-09  0.20215424548474  0.46  2090.7703905855  
 0.00047    7.0926585484055e-06  4.1552821291281e-07  0.0036274736389238  0.00048572347956078  0.33372450769366  5.523014308188e-10  1.648868601056e-09  0.20215481859002  0.46  2090.9270595379  
 0.000471    7.075328255005e-06  4.1449905647203e-07  0.0036226775836234  0.00048520328875603  0.33372927060881  5.5097816350205e-10  1.6438730678052e-09  0.20215539032986  0.46  2091.0832693842  
 0.000472    7.0580658400409e-06  4.1347398447395e-07  0.0036178955323123  0.0004846843056795  0.3337340196006  5.4966029859777e-10  1.6389015589838e-09  0.20215596070905  0.46  2091.2390221785  
 0.000473    7.0408709413752e-06  4.1245297481789e-07  0.0036131274225706  0.00048416652623716  0.33373875473118  5.4834780529825e-10  1.6339539176298e-09  0.20215652973236  0.46  2091.3943199622  
 0.00047400000000001    7.0237431993332e-06  4.1143600555579e-07  0.0036083731923598  0.00048364994635311  0.33374347606228  5.4704065302253e-10  1.6290299880818e-09  0.20215709740455  0.46  2091.5491647641  
 0.00047500000000001    7.0066822566827e-06  4.1042305489085e-07  0.0036036327800206  0.00048313456196948  0.33374818365528  5.4573881141446e-10  1.624129615966e-09  0.20215766373034  0.46  2091.7035586008  
 0.00047600000000001    6.9896877586146e-06  4.0941410117633e-07  0.0035989061242689  0.00048262036904636  0.33375287757117  5.4444225034057e-10  1.619252648183e-09  0.20215822871443  0.46  2091.8575034764  
 0.00047700000000001    6.9727593527218e-06  4.0840912291423e-07  0.0035941931641937  0.00048210736356166  0.33375755787058  5.4315093988818e-10  1.6143989328957e-09  0.20215879236151  0.46  2092.011001383  
 0.00047800000000001    6.9558966889807e-06  4.0740809875408e-07  0.0035894938392538  0.00048159554151109  0.33376222461377  5.4186485036326e-10  1.6095683195157e-09  0.20215935467625  0.46  2092.1640543002  
 0.00047900000000001    6.93909941973e-06  4.0641100749169e-07  0.0035848080892753  0.00048108489890797  0.33376687786062  5.4058395228862e-10  1.6047606586916e-09  0.20215991566328  0.46  2092.3166641961  
 0.00048000000000001    6.9223671996525e-06  4.0541782806793e-07  0.0035801358544482  0.00048057543178324  0.33377151767068  5.3930821640186e-10  1.5999758022966e-09  0.20216047532722  0.46  2092.4688330264  
 0.00048100000000001    6.9056996857553e-06  4.044285395675e-07  0.0035754770753241  0.00048006713618528  0.3337761441031  5.380376136535e-10  1.5952136034159e-09  0.20216103367267  0.46  2092.6205627351  
 0.00048200000000001    6.8890965373503e-06  4.0344312121778e-07  0.0035708316928132  0.00047956000817988  0.33378075721669  5.3677211520507e-10  1.590473916335e-09  0.20216159070421  0.46  2092.7718552547  
 0.00048300000000001    6.8725574160367e-06  4.0246155238758e-07  0.0035661996481814  0.00047905404385014  0.33378535706992  5.355116924272e-10  1.5857565965278e-09  0.20216214642639  0.46  2092.9227125057  
 0.00048400000000001    6.8560819856804e-06  4.01483812586e-07  0.0035615808830478  0.00047854923929634  0.33378994372089  5.342563168978e-10  1.5810615006448e-09  0.20216270084375  0.46  2093.0731363971  
 0.00048500000000001    6.8396699123973e-06  4.0050988146129e-07  0.0035569753393821  0.00047804559063591  0.33379451722735  5.3300596040023e-10  1.5763884865015e-09  0.20216325396079  0.46  2093.2231288266  
 0.00048600000000001    6.8233208645333e-06  3.9953973879964e-07  0.0035523829595016  0.00047754309400328  0.33379907764671  5.3176059492136e-10  1.5717374130667e-09  0.20216380578202  0.46  2093.3726916803  
 0.00048700000000001    6.8070345126477e-06  3.9857336452407e-07  0.0035478036860684  0.00047704174554984  0.33380362503604  5.3052019264995e-10  1.5671081404516e-09  0.20216435631191  0.46  2093.5218268332  
 0.00048800000000001    6.7908105294936e-06  3.9761073869331e-07  0.0035432374620875  0.00047654154144382  0.33380815945206  5.2928472597468e-10  1.5625005298981e-09  0.20216490555491  0.46  2093.6705361488  
 0.00048900000000001    6.7746485900015e-06  3.9665184150065e-07  0.0035386842309033  0.00047604247787024  0.33381268095117  5.2805416748256e-10  1.5579144437682e-09  0.20216545351544  0.46  2093.8188214798  
 0.00049000000000001    6.758548371261e-06  3.9569665327286e-07  0.0035341439361979  0.00047554455103078  0.3338171895894  5.2682848995702e-10  1.5533497455325e-09  0.20216600019793  0.46  2093.9666846676  
 0.00049100000000001    6.7425095525029e-06  3.947451544691e-07  0.0035296165219876  0.00047504775714372  0.33382168542247  5.2560766637632e-10  1.5488062997598e-09  0.20216654560676  0.46  2094.1141275427  
 0.00049200000000001    6.726531815083e-06  3.9379732567978e-07  0.0035251019326212  0.00047455209244383  0.33382616850578  5.2439166991175e-10  1.5442839721063e-09  0.2021670897463  0.46  2094.2611519248  
 0.00049300000000001    6.7106148424637e-06  3.9285314762555e-07  0.003520600112777  0.00047405755318233  0.33383063889438  5.2318047392591e-10  1.5397826293047e-09  0.2021676326209  0.46  2094.4077596227  
 0.00049400000000001    6.6947583201979e-06  3.9191260115619e-07  0.0035161110074603  0.00047356413562675  0.33383509664299  5.2197405197119e-10  1.5353021391543e-09  0.2021681742349  0.46  2094.5539524345  
 0.00049500000000001    6.6789619359115e-06  3.9097566724957e-07  0.0035116345620013  0.00047307183606088  0.33383954180603  5.2077237778792e-10  1.5308423705101e-09  0.20216871459261  0.46  2094.6997321478  
 0.00049600000000001    6.6632253792877e-06  3.9004232701059e-07  0.0035071707220523  0.00047258065078468  0.33384397443759  5.1957542530287e-10  1.5264031932728e-09  0.20216925369832  0.46  2094.8451005394  
 0.00049700000000001    6.6475483420495e-06  3.8911256167019e-07  0.0035027194335855  0.00047209057611419  0.33384839459143  5.1838316862756e-10  1.5219844783789e-09  0.2021697915563  0.46  2094.9900593758  
 0.00049800000000001    6.6319305179436e-06  3.8818635258427e-07  0.0034982806428903  0.00047160160838145  0.333852802321  5.1719558205667e-10  1.5175860977903e-09  0.20217032817081  0.46  2095.1346104131  
 0.00049900000000001    6.6163716027247e-06  3.872636812327e-07  0.0034938542965714  0.00047111374393441  0.33385719767945  5.1601264006644e-10  1.5132079244848e-09  0.20217086354607  0.46  2095.2787553969  
