0  300
5e-05  300.000007103
0.0001  300.000028842
0.00015  300.000065031
0.0002  300.000115694
0.00025  300.002304224
0.0003  1846.74612472
0.00035  1237.16560542
0.0004  1237.14510831
0.00045  300.000001577
0.0005  300.00109519
0.00055  300.00087489
0.0006  300.001042633
0.00065  300.001223083
0.0007  300.001418506
0.00075  300.001628403
0.0008  300.001852776
0.00085  300.002091624
0.0009  300.002344948
0.00095  300.002612748
0.001  300.002895023
0.00105  300.003191774
0.0011  300.003503001
0.00115  300.003828703
0.0012  300.00416888
0.00125  300.004523533
0.0013  300.004892662
0.00135  300.005276266
0.0014  300.005674345
0.00145  300.0060869
0.0015  300.006513923
