0  300
5e-05  300.000006947
0.0001  300.000028178
0.00015  300.000063872
0.0002  300.00011694
0.00025  299.993965535
0.0003  1210.74415458
0.00035  971.426317048
0.0004  971.624918935
0.00045  300.038826511
0.0005  299.955482428
0.00055  300.00117056
0.0006  300.000925536
0.00065  300.001209095
0.0007  300.001401538
0.00075  300.001609133
0.0008  300.001830884
0.00085  300.002066947
0.0009  300.002317341
0.00095  300.002582006
0.001  300.002861008
0.00105  300.003154303
0.0011  300.003461904
0.00115  300.003783812
0.0012  300.004120025
0.00125  300.004470554
0.0013  300.004835377
0.00135  300.005214519
0.0014  300.005607955
0.00145  300.006015705
0.0015  300.006442727
